{
  "advancedEditorSelectedIdentifier" : "ProjectBrowser",
  "openSceneRelativePaths" : [
    "Scene.usda"
  ],
  "recentIdentifiers" : {
    "3C97A223-C2F4-460A-A016-4DDED1642AFE" : [

    ]
  },
  "sceneCameraHistory" : {
    "3C97A223-C2F4-460A-A016-4DDED1642AFE" : [
      {
        "date" : 776467919.796513,
        "title" : "Untitled",
        "transform" : [
          -0.046486393,
          -1.51813e-08,
          -0.9989189,
          0,
          0.3111449,
          0.95025223,
          -0.014479706,
          0,
          0.94922507,
          -0.3114813,
          -0.044173755,
          0,
          5.062347,
          -1.733729,
          -5.3219814,
          1
        ]
      },
      {
        "date" : 776467917.609542,
        "title" : "Untitled",
        "transform" : [
          -0.046486393,
          -1.51813e-08,
          -0.9989189,
          0,
          0.3111449,
          0.95025223,
          -0.014479706,
          0,
          0.94922507,
          -0.3114813,
          -0.044173755,
          0,
          4.6408825,
          -1.5954288,
          -5.302367,
          1
        ]
      },
      {
        "date" : 776467913.559537,
        "title" : "Untitled",
        "transform" : [
          -0.0038014844,
          -1.5118564e-08,
          -0.9999928,
          0,
          0.2998095,
          0.95399845,
          -0.0011397776,
          0,
          0.9539917,
          -0.2998113,
          -0.0036265596,
          0,
          4.814908,
          -1.7550128,
          -4.6487327,
          1
        ]
      },
      {
        "date" : 776467908.444967,
        "title" : "Untitled",
        "transform" : [
          -0.012531799,
          -1.513306e-08,
          -0.9999213,
          0,
          0.5435522,
          0.8393477,
          -0.0068122703,
          0,
          0.8392819,
          -0.54359466,
          -0.010518486,
          0,
          4.3193693,
          -2.6856747,
          -4.87954,
          1
        ]
      },
      {
        "date" : 776467900.069178,
        "title" : "Untitled",
        "transform" : [
          0.026310321,
          -1.5879962e-08,
          -0.9996538,
          0,
          0.4203826,
          0.9072795,
          0.011064185,
          0,
          0.90696555,
          -0.42052802,
          0.02387087,
          0,
          4.838813,
          -2.0449378,
          -4.699343,
          1
        ]
      },
      {
        "date" : 776467894.419753,
        "title" : "Untitled",
        "transform" : [
          -0.004519293,
          -1.4399902e-08,
          -0.9999898,
          0,
          0.25418893,
          0.96715397,
          -0.0011488112,
          0,
          0.96714413,
          -0.25419137,
          -0.0043707974,
          0,
          4.9780836,
          -1.1829705,
          -4.847574,
          1
        ]
      },
      {
        "date" : 776467888.346331,
        "title" : "Untitled",
        "transform" : [
          -0.043000966,
          -1.4467767e-08,
          -0.99907506,
          0,
          -0.53638786,
          0.8436558,
          0.023086507,
          0,
          0.8428754,
          0.53688455,
          -0.036277972,
          0,
          4.0538464,
          2.864659,
          -5.003975,
          1
        ]
      },
      {
        "date" : 776467810.216554,
        "title" : "Untitled",
        "transform" : [
          0.011172235,
          -1.4452471e-08,
          -0.99993765,
          0,
          -0.3725163,
          0.92801636,
          -0.0041621462,
          0,
          0.92795855,
          0.37253964,
          0.010368068,
          0,
          4.7730384,
          2.0312152,
          -4.7719994,
          1
        ]
      },
      {
        "date" : 776400543.550786,
        "title" : "Untitled",
        "transform" : [
          -0.013800386,
          -1.4236999e-08,
          -0.9999048,
          0,
          -0.09422553,
          0.99555004,
          0.0013004243,
          0,
          0.99545527,
          0.09423456,
          -0.01373892,
          0,
          5.0265713,
          0.6897362,
          -4.926817,
          1
        ]
      },
      {
        "date" : 776226075.850218,
        "title" : "Untitled",
        "transform" : [
          -0.03302559,
          -1.4220073e-08,
          -0.99945456,
          0,
          -0.035709605,
          0.9993615,
          0.001179926,
          0,
          0.9988164,
          0.035729144,
          -0.033004444,
          0,
          4.9613113,
          0.45448455,
          -4.99127,
          1
        ]
      }
    ]
  },
  "sceneViewportBackgroundColors" : {

  },
  "selectedSceneRelativePath" : "Scene.usda"
}