{
  "advancedEditorSelectedIdentifier" : "ShaderGraphEditorPluginID",
  "openSceneRelativePaths" : [
    "Scene.usda"
  ],
  "recentIdentifiers" : {
    "3C97A223-C2F4-460A-A016-4DDED1642AFE" : [

    ]
  },
  "sceneCameraHistory" : {
    "3C97A223-C2F4-460A-A016-4DDED1642AFE" : [
      {
        "date" : 777160284.142383,
        "title" : "Untitled",
        "transform" : [
          -0.3980725,
          -6.743308e-08,
          -0.917354,
          0,
          -0.3130697,
          0.93996364,
          0.135852,
          0,
          0.8622793,
          0.34127465,
          -0.37417367,
          0,
          15.681868,
          9.223696,
          -7.396132,
          1
        ]
      },
      {
        "date" : 777160032.603304,
        "title" : "Untitled",
        "transform" : [
          -0.3980725,
          -6.743308e-08,
          -0.917354,
          0,
          -0.3130697,
          0.93996364,
          0.135852,
          0,
          0.8622793,
          0.34127465,
          -0.37417367,
          0,
          16.432993,
          7.5911837,
          -7.1541395,
          1
        ]
      },
      {
        "date" : 776723589.009056,
        "title" : "Untitled",
        "transform" : [
          -0.39807233,
          -8.320507e-08,
          -0.917354,
          0,
          -0.3130697,
          0.9399636,
          0.13585198,
          0,
          0.8622793,
          0.34127465,
          -0.37417367,
          0,
          19.242153,
          10.725898,
          -16.166012,
          1
        ]
      },
      {
        "date" : 776723557.138992,
        "title" : "Untitled",
        "transform" : [
          -0.39807233,
          -8.320507e-08,
          -0.917354,
          0,
          -0.3130697,
          0.9399636,
          0.13585198,
          0,
          0.8622793,
          0.34127465,
          -0.37417367,
          0,
          19.392136,
          15.365264,
          -11.58893,
          1
        ]
      },
      {
        "date" : 776723548.713091,
        "title" : "Untitled",
        "transform" : [
          -0.39807233,
          -8.320507e-08,
          -0.917354,
          0,
          -0.3130697,
          0.9399636,
          0.13585198,
          0,
          0.8622793,
          0.34127465,
          -0.37417367,
          0,
          19.689224,
          12.9175825,
          -13.136759,
          1
        ]
      },
      {
        "date" : 776723541.380382,
        "title" : "Untitled",
        "transform" : [
          -0.39807233,
          -8.320507e-08,
          -0.917354,
          0,
          -0.3130697,
          0.9399636,
          0.13585198,
          0,
          0.8622793,
          0.34127465,
          -0.37417367,
          0,
          23.833014,
          13.929473,
          -13.148263,
          1
        ]
      },
      {
        "date" : 776723510.085479,
        "title" : "Untitled",
        "transform" : [
          -0.46408236,
          -8.442735e-08,
          -0.88579214,
          0,
          -0.25413856,
          0.95795876,
          0.1331477,
          0,
          0.8485523,
          0.28690544,
          -0.4445719,
          0,
          15.37039,
          6.878371,
          -7.577538,
          1
        ]
      },
      {
        "date" : 776723486.636371,
        "title" : "Untitled",
        "transform" : [
          0.7427243,
          -8.765935e-08,
          -0.6695974,
          0,
          -0.24435037,
          0.93103826,
          -0.271036,
          0,
          0.6234209,
          0.36492142,
          0.69150466,
          0,
          10.771021,
          6.2825003,
          6.388191,
          1
        ]
      },
      {
        "date" : 776723474.451337,
        "title" : "Untitled",
        "transform" : [
          -0.42534763,
          -9.017533e-08,
          -0.9050301,
          0,
          -0.4191971,
          0.88626117,
          0.19701493,
          0,
          0.80209297,
          0.46318582,
          -0.3769692,
          0,
          10.184736,
          7.5245028,
          -7.6900153,
          1
        ]
      },
      {
        "date" : 776723432.615021,
        "title" : "Untitled",
        "transform" : [
          -0.42534763,
          -9.017533e-08,
          -0.9050301,
          0,
          -0.4191971,
          0.88626117,
          0.19701493,
          0,
          0.80209297,
          0.46318582,
          -0.3769692,
          0,
          19.985577,
          15.65336,
          -15.057875,
          1
        ]
      }
    ]
  },
  "sceneViewportBackgroundColors" : {

  },
  "selectedSceneRelativePath" : "Scene.usda"
}