{
  "advancedEditorSelectedIdentifier" : "ProjectBrowser",
  "openSceneRelativePaths" : [
    "Scene.usda"
  ],
  "recentIdentifiers" : {
    "3C97A223-C2F4-460A-A016-4DDED1642AFE" : [

    ]
  },
  "sceneCameraHistory" : {
    "3C97A223-C2F4-460A-A016-4DDED1642AFE" : [
      {
        "date" : 776548307.338631,
        "title" : "Untitled",
        "transform" : [
          -0.4253475,
          -1.4853897e-08,
          -0.9050301,
          0,
          -0.4191971,
          0.8862612,
          0.19701494,
          0,
          0.802093,
          0.46318582,
          -0.37696895,
          0,
          14.810127,
          11.008597,
          -10.9124,
          1
        ]
      },
      {
        "date" : 776491903.964756,
        "title" : "Untitled",
        "transform" : [
          -0.66666186,
          -1.6776944e-08,
          -0.7453602,
          0,
          -0.4043084,
          0.84009874,
          0.36161977,
          0,
          0.6261762,
          0.54243356,
          -0.56006175,
          0,
          10.229012,
          8.651512,
          -13.441274,
          1
        ]
      },
      {
        "date" : 776491900.935584,
        "title" : "Untitled",
        "transform" : [
          -0.5272767,
          -1.5691047e-08,
          -0.8496936,
          0,
          -0.41303074,
          0.87390673,
          0.25630587,
          0,
          0.742553,
          0.48609373,
          -0.4607906,
          0,
          13.473857,
          6.667637,
          -11.675212,
          1
        ]
      },
      {
        "date" : 776491812.483676,
        "title" : "Untitled",
        "transform" : [
          -0.52727675,
          -1.5691048e-08,
          -0.8496937,
          0,
          -0.41303074,
          0.87390673,
          0.25630587,
          0,
          0.742553,
          0.48609373,
          -0.4607906,
          0,
          17.030462,
          17.689754,
          -23.137026,
          1
        ]
      },
      {
        "date" : 776491808.925306,
        "title" : "Untitled",
        "transform" : [
          -0.6046763,
          -1.525843e-08,
          -0.7964714,
          0,
          -0.37667713,
          0.88109875,
          0.285971,
          0,
          0.7017699,
          0.4729324,
          -0.53277946,
          0,
          14.99333,
          17.28777,
          -24.791512,
          1
        ]
      },
      {
        "date" : 776491791.916657,
        "title" : "Untitled",
        "transform" : [
          -0.83722633,
          -1.5335305e-08,
          -0.54685664,
          0,
          -0.32017282,
          0.8106879,
          0.490178,
          0,
          0.44333005,
          0.5854786,
          -0.67872924,
          0,
          12.265893,
          20.09328,
          -21.664307,
          1
        ]
      },
      {
        "date" : 776491726.989324,
        "title" : "Untitled",
        "transform" : [
          -0.7193633,
          -8.60603e-09,
          -0.69463414,
          0,
          -0.27619842,
          0.9175514,
          0.28603113,
          0,
          0.63736254,
          0.39761716,
          -0.6600528,
          0,
          14.215318,
          13.160373,
          -14.543383,
          1
        ]
      },
      {
        "date" : 776491725.489882,
        "title" : "Untitled",
        "transform" : [
          -0.7193632,
          -7.2332993e-09,
          -0.69463414,
          0,
          -0.27619845,
          0.9175514,
          0.28603113,
          0,
          0.6373626,
          0.3976172,
          -0.6600527,
          0,
          14.215316,
          13.160372,
          -14.543381,
          1
        ]
      },
      {
        "date" : 776491679.13268,
        "title" : "Untitled",
        "transform" : [
          -0.71936315,
          2.60292e-08,
          -0.69463426,
          0,
          -0.27619854,
          0.91755146,
          0.28603122,
          0,
          0.63736266,
          0.3976174,
          -0.6600525,
          0,
          12.030892,
          12.033827,
          -21.149979,
          1
        ]
      },
      {
        "date" : 776491668.320637,
        "title" : "Untitled",
        "transform" : [
          -0.9926833,
          2.6259698e-08,
          -0.120747626,
          0,
          -0.06371883,
          0.84942913,
          0.5238417,
          0,
          0.102566645,
          0.52770287,
          -0.843214,
          0,
          -5.4777927,
          13.137176,
          -23.76895,
          1
        ]
      }
    ]
  },
  "sceneViewportBackgroundColors" : {

  },
  "selectedSceneRelativePath" : "Scene.usda"
}