{
  "advancedEditorSelectedIdentifier" : "ShaderGraphEditorPluginID",
  "openSceneRelativePaths" : [
    "Scene.usda"
  ],
  "recentIdentifiers" : {
    "3C97A223-C2F4-460A-A016-4DDED1642AFE" : [

    ]
  },
  "sceneCameraHistory" : {
    "3C97A223-C2F4-460A-A016-4DDED1642AFE" : [
      {
        "date" : 775178494.531707,
        "title" : "Untitled",
        "transform" : [
          -0.048408777,
          5.2450315e-09,
          0.9988275,
          0,
          0.014580119,
          0.9998934,
          0.0007066197,
          0,
          -0.9987212,
          0.014597481,
          -0.048403904,
          0,
          -3.03114,
          0.8865083,
          -0.26109535,
          1
        ]
      },
      {
        "date" : 775178488.970896,
        "title" : "Untitled",
        "transform" : [
          -0.9901922,
          4.7438116e-09,
          0.13971166,
          0,
          0.03097404,
          0.97511494,
          0.21952528,
          0,
          -0.13623461,
          0.22169988,
          -0.9655513,
          0,
          -0.27688572,
          1.497895,
          -2.778763,
          1
        ]
      },
      {
        "date" : 775163894.752416,
        "title" : "Untitled",
        "transform" : [
          0.8792323,
          2.4382192e-09,
          0.47639325,
          0,
          -0.043913055,
          0.9957425,
          0.08104601,
          0,
          -0.4743653,
          -0.09217786,
          0.8754889,
          0,
          -1.5854195,
          0.5570448,
          2.6866386,
          1
        ]
      },
      {
        "date" : 775079282.515262,
        "title" : "Untitled",
        "transform" : [
          -0.0568237,
          6.762397e-10,
          -0.9983842,
          0,
          0.052786577,
          0.99860126,
          -0.0030043824,
          0,
          0.9969878,
          -0.052871715,
          -0.056743905,
          0,
          3.1385999,
          0.5244708,
          0.8560044,
          1
        ]
      },
      {
        "date" : 775079277.524061,
        "title" : "Untitled",
        "transform" : [
          -0.08711509,
          2.7388087e-09,
          0.99619824,
          0,
          0.16953343,
          0.9854129,
          0.014825304,
          0,
          -0.98166656,
          0.1701807,
          -0.085844666,
          0,
          -2.7904444,
          1.1963563,
          -1.280928,
          1
        ]
      },
      {
        "date" : 775079224.014416,
        "title" : "Untitled",
        "transform" : [
          -0.8167816,
          9.719883e-09,
          -0.57694703,
          0,
          -0.18314546,
          0.9482787,
          0.25927827,
          0,
          0.5471068,
          0.3174392,
          -0.7745364,
          0,
          2.664811,
          1.6496788,
          -1.3830658,
          1
        ]
      },
      {
        "date" : 775079117.983188,
        "title" : "Untitled",
        "transform" : [
          -0.9997202,
          8.85923e-09,
          -0.023654262,
          0,
          -0.009401646,
          0.91761917,
          0.39734957,
          0,
          0.021705892,
          0.39746103,
          -0.91736233,
          0,
          1.4377431,
          1.8719684,
          -2.482772,
          1
        ]
      },
      {
        "date" : 775079110.558553,
        "title" : "Untitled",
        "transform" : [
          -0.97760123,
          -1.3552376e-08,
          -0.21046586,
          0,
          -0.06521272,
          0.9507856,
          0.3029093,
          0,
          0.20010816,
          0.30984983,
          -0.92948896,
          0,
          1.911828,
          1.6283092,
          -2.3300333,
          1
        ]
      },
      {
        "date" : 775079101.508512,
        "title" : "Untitled",
        "transform" : [
          -0.99350196,
          -2.0224592e-08,
          -0.11381418,
          0,
          0.015534166,
          0.9906419,
          -0.13559993,
          0,
          0.1127494,
          -0.13648652,
          -0.98420477,
          0,
          1.7250093,
          0.29431942,
          -2.9450386,
          1
        ]
      },
      {
        "date" : 775079089.670387,
        "title" : "Untitled",
        "transform" : [
          -0.6614701,
          -2.2913152e-08,
          -0.74997145,
          0,
          -0.27859336,
          0.9284442,
          0.24571763,
          0,
          0.6963068,
          0.37147227,
          -0.6141378,
          0,
          2.837678,
          1.8003983,
          -0.6645934,
          1
        ]
      }
    ]
  },
  "sceneViewportBackgroundColors" : {

  },
  "selectedSceneRelativePath" : "Scene.usda"
}