{
  "advancedEditorSelectedIdentifier" : "ProjectBrowser",
  "openSceneRelativePaths" : [
    "Scene.usda",
    "TrayAndCover.usda"
  ],
  "recentIdentifiers" : {
    "0910D98E-F986-45B2-B917-99FE2FEDB98F" : [

    ],
    "3C97A223-C2F4-460A-A016-4DDED1642AFE" : [

    ],
    "556F4B6E-E2BD-4521-BA44-B6E1A90755DD" : [

    ],
    "B1F7D6D4-9384-4A14-A878-702B3FE490BA" : [

    ]
  },
  "sceneCameraHistory" : {
    "0910D98E-F986-45B2-B917-99FE2FEDB98F" : [
      {
        "date" : 778655942.443546,
        "title" : "Untitled",
        "transform" : [
          0.88899535,
          3.84612e-09,
          -0.45791614,
          0,
          -0.1428092,
          0.95012563,
          -0.27724886,
          0,
          0.43507785,
          0.3118675,
          0.84465724,
          0,
          2.1326778,
          2.211258,
          2.3980794,
          1
        ]
      },
      {
        "date" : 778557408.595931,
        "title" : "Untitled",
        "transform" : [
          0.9626442,
          2.6584033e-09,
          -0.27076936,
          0,
          -0.10561592,
          0.9207901,
          -0.37548774,
          0,
          0.24932173,
          0.3900586,
          0.8863933,
          0,
          1.3187463,
          2.2404685,
          2.753123,
          1
        ]
      }
    ],
    "3C97A223-C2F4-460A-A016-4DDED1642AFE" : [
      {
        "date" : 778655870.617493,
        "title" : "Untitled",
        "transform" : [
          -0.4628497,
          -2.8001326e-08,
          -0.88643676,
          0,
          -0.30924407,
          0.9371742,
          0.1614704,
          0,
          0.8307458,
          0.34886134,
          -0.43377078,
          0,
          17.626333,
          13.756414,
          -22.740793,
          1
        ]
      },
      {
        "date" : 778558112.666476,
        "title" : "Untitled",
        "transform" : [
          -0.5932406,
          -1.3654999e-08,
          -0.80502516,
          0,
          -0.5120605,
          0.7716231,
          0.37734827,
          0,
          0.62117636,
          0.63607955,
          -0.4577583,
          0,
          32.567436,
          28.560093,
          -22.428362,
          1
        ]
      },
      {
        "date" : 778558075.999541,
        "title" : "Untitled",
        "transform" : [
          -0.5878101,
          -1.3654999e-08,
          -0.8089989,
          0,
          -0.5145882,
          0.7716231,
          0.37389404,
          0,
          0.6242426,
          0.63607955,
          -0.453568,
          0,
          6.144076,
          6.545631,
          -23.90569,
          1
        ]
      },
      {
        "date" : 778558070.258694,
        "title" : "Untitled",
        "transform" : [
          -0.410229,
          -1.4049938e-08,
          -0.91198254,
          0,
          -0.56179905,
          0.78773093,
          0.25270876,
          0,
          0.71839726,
          0.616019,
          -0.3231501,
          0,
          10.850031,
          10.110977,
          -24.919127,
          1
        ]
      },
      {
        "date" : 778558059.377829,
        "title" : "Untitled",
        "transform" : [
          -0.540636,
          -2.5695257e-08,
          -0.8412566,
          0,
          -0.37519813,
          0.8950344,
          0.24112183,
          0,
          0.7529538,
          0.44599655,
          -0.48388782,
          0,
          25.375963,
          27.744255,
          -30.026413,
          1
        ]
      },
      {
        "date" : 778558057.263818,
        "title" : "Untitled",
        "transform" : [
          -0.23110598,
          -2.540249e-08,
          -0.9729286,
          0,
          -0.42471236,
          0.89968973,
          0.10088438,
          0,
          0.87533414,
          0.43652928,
          -0.2079236,
          0,
          34.179287,
          27.346237,
          -19.980701,
          1
        ]
      },
      {
        "date" : 778557916.171051,
        "title" : "Untitled",
        "transform" : [
          -0.45670816,
          -2.536299e-08,
          -0.8896166,
          0,
          -0.3212802,
          0.93250984,
          0.16493738,
          0,
          0.82957643,
          0.36114392,
          -0.4258848,
          0,
          30.305147,
          24.142635,
          -28.530682,
          1
        ]
      },
      {
        "date" : 778557905.598021,
        "title" : "Untitled",
        "transform" : [
          -0.45670816,
          -2.536299e-08,
          -0.8896166,
          0,
          -0.3212802,
          0.93250984,
          0.16493738,
          0,
          0.82957643,
          0.36114392,
          -0.4258848,
          0,
          17.262802,
          11.745785,
          -25.851665,
          1
        ]
      },
      {
        "date" : 778557900.037621,
        "title" : "Untitled",
        "transform" : [
          -0.45560828,
          -2.536299e-08,
          -0.8901804,
          0,
          -0.32148382,
          0.93250984,
          0.16454016,
          0,
          0.8301023,
          0.36114395,
          -0.42485923,
          0,
          28.572851,
          20.447554,
          -16.553246,
          1
        ]
      },
      {
        "date" : 778557894.522319,
        "title" : "Untitled",
        "transform" : [
          -0.13479096,
          -2.5985553e-08,
          -0.9908741,
          0,
          -0.43100706,
          0.9004417,
          0.058630623,
          0,
          0.8922247,
          0.43497607,
          -0.12137132,
          0,
          30.7089,
          23.033646,
          -5.910568,
          1
        ]
      }
    ],
    "556F4B6E-E2BD-4521-BA44-B6E1A90755DD" : [
      {
        "date" : 778028000.662139,
        "title" : "Untitled",
        "transform" : [
          0.9987526,
          -8.0378686e-07,
          -0.049932126,
          0,
          -0.032804023,
          0.753902,
          -0.6561674,
          0,
          0.037644494,
          0.6569867,
          0.7529617,
          0,
          0.005956226,
          0.076285616,
          0.058732435,
          1
        ]
      },
      {
        "date" : 778027998.48377,
        "title" : "Untitled",
        "transform" : [
          0.9963414,
          -8.040482e-07,
          0.08546172,
          0,
          0.051872924,
          0.79472953,
          -0.60474306,
          0,
          -0.06791845,
          0.60696363,
          0.79182214,
          0,
          -0.0014350973,
          0.07279889,
          0.063313454,
          1
        ]
      },
      {
        "date" : 778026277.472744,
        "title" : "Untitled",
        "transform" : [
          0.9988332,
          -8.0424314e-07,
          -0.04829327,
          0,
          -0.022201091,
          0.8880581,
          -0.45919487,
          0,
          0.04288764,
          0.4597311,
          0.887022,
          0,
          0.006647931,
          0.06194815,
          0.074793346,
          1
        ]
      },
      {
        "date" : 778026274.753641,
        "title" : "Untitled",
        "transform" : [
          -0.05561909,
          -8.040598e-07,
          -0.998452,
          0,
          -0.54971707,
          0.83478945,
          0.030621339,
          0,
          0.8334972,
          0.5505691,
          -0.046430655,
          0,
          0.06782291,
          0.06949444,
          -0.0068109506,
          1
        ]
      },
      {
        "date" : 778026266.936046,
        "title" : "Untitled",
        "transform" : [
          0.9999885,
          -8.049528e-07,
          0.004794545,
          0,
          -0.00012368897,
          0.99966204,
          0.02599758,
          0,
          -0.0047929706,
          -0.025997994,
          0.9996505,
          0,
          0.0025696796,
          0.018041711,
          0.09562273,
          1
        ]
      },
      {
        "date" : 778026257.781334,
        "title" : "Untitled",
        "transform" : [
          0.9991143,
          -8.053576e-07,
          0.04208026,
          0,
          -0.0046896804,
          0.9937679,
          0.111370094,
          0,
          -0.041818164,
          -0.1114689,
          0.9928876,
          0,
          -0.0010480592,
          0.009791794,
          0.09684438,
          1
        ]
      },
      {
        "date" : 778026254.953859,
        "title" : "Untitled",
        "transform" : [
          0.9940061,
          -8.05298e-07,
          0.10932448,
          0,
          -0.0027420565,
          0.9996852,
          0.024940265,
          0,
          -0.10929014,
          -0.025090668,
          0.9936932,
          0,
          -0.00744068,
          0.01812848,
          0.095350966,
          1
        ]
      },
      {
        "date" : 778026233.942562,
        "title" : "Untitled",
        "transform" : [
          0.9994559,
          -8.060055e-07,
          0.032982707,
          0,
          -0.0037522386,
          0.9935045,
          0.11373089,
          0,
          -0.032768615,
          -0.11379289,
          0.99296397,
          0,
          -0.00016710348,
          0.009565361,
          0.09687254,
          1
        ]
      },
      {
        "date" : 778026165.286482,
        "title" : "Untitled",
        "transform" : [
          0.9994559,
          -8.060055e-07,
          0.032982707,
          0,
          -0.0037522386,
          0.9935045,
          0.11373089,
          0,
          -0.032768615,
          -0.11379289,
          0.99296397,
          0,
          0.0050928127,
          0.01061184,
          0.09716615,
          1
        ]
      },
      {
        "date" : 778026141.061832,
        "title" : "Untitled",
        "transform" : [
          0.9993976,
          -8.0599693e-07,
          -0.03470208,
          0,
          0.004132681,
          0.9928867,
          0.11899102,
          0,
          0.034455087,
          -0.119062856,
          0.9922886,
          0,
          0.011655958,
          0.010097293,
          0.096653976,
          1
        ]
      }
    ],
    "B1F7D6D4-9384-4A14-A878-702B3FE490BA" : [
      {
        "date" : 778311742.365758,
        "title" : "Untitled",
        "transform" : [
          -0.40981826,
          1.8900264e-09,
          -0.9121672,
          0,
          -0.024159947,
          0.99964917,
          0.010854625,
          0,
          0.9118472,
          0.0264864,
          -0.4096746,
          0,
          2.8267374,
          1.0378577,
          -1.4407679,
          1
        ]
      },
      {
        "date" : 778311740.181241,
        "title" : "Untitled",
        "transform" : [
          -0.36322233,
          2.0000668e-09,
          -0.9317025,
          0,
          0.002088766,
          0.9999975,
          -0.0008142534,
          0,
          0.9317001,
          -0.0022417982,
          -0.36322156,
          0,
          2.9224617,
          0.9463949,
          -1.3065071,
          1
        ]
      },
      {
        "date" : 778311736.447326,
        "title" : "Untitled",
        "transform" : [
          -0.36322233,
          2.0000668e-09,
          -0.9317025,
          0,
          0.002088766,
          0.9999975,
          -0.0008142534,
          0,
          0.9317001,
          -0.0022417982,
          -0.36322156,
          0,
          2.0888565,
          1.9310687,
          -1.1493511,
          1
        ]
      },
      {
        "date" : 778311730.941932,
        "title" : "Untitled",
        "transform" : [
          -0.36322233,
          2.0000668e-09,
          -0.9317025,
          0,
          0.002088766,
          0.9999975,
          -0.0008142534,
          0,
          0.9317002,
          -0.0022417984,
          -0.3632216,
          0,
          3.3624399,
          1.4712828,
          -1.4780027,
          1
        ]
      },
      {
        "date" : 778311716.702319,
        "title" : "Untitled",
        "transform" : [
          -0.06999988,
          1.0164585e-08,
          -0.997547,
          0,
          -0.26632035,
          0.9637034,
          0.018688276,
          0,
          0.9613395,
          0.26697534,
          -0.06745928,
          0,
          3.119662,
          2.404624,
          -0.37504157,
          1
        ]
      },
      {
        "date" : 778311688.560308,
        "title" : "Untitled",
        "transform" : [
          -0.06999988,
          1.0164585e-08,
          -0.997547,
          0,
          -0.26632035,
          0.9637034,
          0.018688276,
          0,
          0.9613395,
          0.26697534,
          -0.06745928,
          0,
          2.7891293,
          2.1498506,
          -0.33530536,
          1
        ]
      },
      {
        "date" : 778311687.17676,
        "title" : "Untitled",
        "transform" : [
          -0.06616255,
          1.2115415e-08,
          -0.9978088,
          0,
          -0.00069754623,
          0.99999976,
          4.629574e-05,
          0,
          0.99780864,
          0.00069920154,
          -0.0661627,
          0,
          3.2605577,
          1.3250415,
          -0.35575044,
          1
        ]
      },
      {
        "date" : 778311680.140032,
        "title" : "Untitled",
        "transform" : [
          -0.06616255,
          1.2115415e-08,
          -0.9978088,
          0,
          -0.00069754623,
          0.99999976,
          4.629574e-05,
          0,
          0.99780864,
          0.00069920154,
          -0.0661627,
          0,
          2.8796368,
          1.3093966,
          -0.31360185,
          1
        ]
      },
      {
        "date" : 778311677.407392,
        "title" : "Untitled",
        "transform" : [
          0.65847987,
          1.1832903e-08,
          -0.7525983,
          0,
          0.15793887,
          0.9777318,
          0.13818741,
          0,
          0.7358394,
          -0.20985804,
          0.64381665,
          0,
          2.4173245,
          0.670723,
          1.9523948,
          1
        ]
      },
      {
        "date" : 778311661.972042,
        "title" : "Untitled",
        "transform" : [
          -0.041815527,
          1.0830832e-08,
          -0.9991253,
          0,
          -0.065146916,
          0.99787205,
          0.0027265893,
          0,
          0.9969992,
          0.06520408,
          -0.041726734,
          0,
          3.9065478,
          1.5659847,
          -0.2859953,
          1
        ]
      }
    ]
  },
  "sceneViewportBackgroundColors" : {

  },
  "selectedSceneRelativePath" : "TrayAndCover.usda"
}