{
  "advancedEditorSelectedIdentifier" : "ProjectBrowser",
  "openSceneRelativePaths" : [
    "Scene.usda"
  ],
  "recentIdentifiers" : {
    "3C97A223-C2F4-460A-A016-4DDED1642AFE" : [

    ],
    "556F4B6E-E2BD-4521-BA44-B6E1A90755DD" : [

    ],
    "B1F7D6D4-9384-4A14-A878-702B3FE490BA" : [

    ]
  },
  "sceneCameraHistory" : {
    "3C97A223-C2F4-460A-A016-4DDED1642AFE" : [
      {
        "date" : 778534316.149311,
        "title" : "Untitled",
        "transform" : [
          -0.73225117,
          -4.241659e-08,
          -0.6810347,
          0,
          -0.38073343,
          0.8291329,
          0.409366,
          0,
          0.5646683,
          0.55905133,
          -0.6071336,
          0,
          3.443122,
          4.2249594,
          -19.497654,
          1
        ]
      },
      {
        "date" : 778532275.462342,
        "title" : "Untitled",
        "transform" : [
          -0.73225117,
          -4.241659e-08,
          -0.6810347,
          0,
          -0.38073343,
          0.8291329,
          0.409366,
          0,
          0.5646683,
          0.55905133,
          -0.6071336,
          0,
          5.60779,
          5.6448426,
          -16.911825,
          1
        ]
      },
      {
        "date" : 778532268.341884,
        "title" : "Untitled",
        "transform" : [
          -0.92602813,
          -4.2941846e-08,
          0.37745434,
          0,
          0.17928417,
          0.8799953,
          0.4398471,
          0,
          -0.33215806,
          0.4749824,
          -0.8149005,
          0,
          -8.36804,
          7.891815,
          -19.278978,
          1
        ]
      },
      {
        "date" : 778200228.331116,
        "title" : "Untitled",
        "transform" : [
          -0.92602813,
          -4.2941846e-08,
          0.37745434,
          0,
          0.17928417,
          0.8799953,
          0.4398471,
          0,
          -0.33215806,
          0.4749824,
          -0.8149005,
          0,
          -35.303642,
          19.77973,
          -83.952385,
          1
        ]
      },
      {
        "date" : 778200207.491539,
        "title" : "Untitled",
        "transform" : [
          -0.9284168,
          -4.2941846e-08,
          0.37154034,
          0,
          0.17647512,
          0.8799953,
          0.44098166,
          0,
          -0.32695377,
          0.4749824,
          -0.8170025,
          0,
          -27.717468,
          9.551238,
          -66.2374,
          1
        ]
      },
      {
        "date" : 778200195.288666,
        "title" : "Untitled",
        "transform" : [
          -0.9991779,
          -4.043169e-08,
          -0.04053995,
          0,
          -0.01579868,
          0.9209392,
          0.38938603,
          0,
          0.037334826,
          0.3897064,
          -0.92018205,
          0,
          -26.51075,
          10.847188,
          -70.039116,
          1
        ]
      },
      {
        "date" : 778200192.258106,
        "title" : "Untitled",
        "transform" : [
          -0.9991779,
          -4.043169e-08,
          -0.04053995,
          0,
          -0.01579868,
          0.9209392,
          0.38938603,
          0,
          0.037334826,
          0.3897064,
          -0.92018205,
          0,
          -26.526709,
          11.832932,
          -69.62229,
          1
        ]
      },
      {
        "date" : 778200177.953603,
        "title" : "Untitled",
        "transform" : [
          -0.98315024,
          -4.0611894e-08,
          -0.18279949,
          0,
          -0.08258373,
          0.8921334,
          0.44415995,
          0,
          0.1630815,
          0.4517722,
          -0.877101,
          0,
          -20.723186,
          18.277157,
          -81.914185,
          1
        ]
      },
      {
        "date" : 778200163.360549,
        "title" : "Untitled",
        "transform" : [
          -0.8797124,
          -4.3433456e-08,
          -0.47550604,
          0,
          -0.19144554,
          0.9153698,
          0.3541848,
          0,
          0.43526384,
          0.4026143,
          -0.8052621,
          0,
          -13.555315,
          15.035997,
          -73.30238,
          1
        ]
      },
      {
        "date" : 778199296.819236,
        "title" : "Untitled",
        "transform" : [
          -0.73373276,
          -4.3392003e-08,
          -0.6794383,
          0,
          -0.27967155,
          0.91135484,
          0.30202037,
          0,
          0.61920923,
          0.41162175,
          -0.6686908,
          0,
          27.271524,
          30.503695,
          -95.631516,
          1
        ]
      }
    ],
    "556F4B6E-E2BD-4521-BA44-B6E1A90755DD" : [
      {
        "date" : 778028000.662139,
        "title" : "Untitled",
        "transform" : [
          0.9987526,
          -8.0378686e-07,
          -0.049932126,
          0,
          -0.032804023,
          0.753902,
          -0.6561674,
          0,
          0.037644494,
          0.6569867,
          0.7529617,
          0,
          0.005956226,
          0.076285616,
          0.058732435,
          1
        ]
      },
      {
        "date" : 778027998.48377,
        "title" : "Untitled",
        "transform" : [
          0.9963414,
          -8.040482e-07,
          0.08546172,
          0,
          0.051872924,
          0.79472953,
          -0.60474306,
          0,
          -0.06791845,
          0.60696363,
          0.79182214,
          0,
          -0.0014350973,
          0.07279889,
          0.063313454,
          1
        ]
      },
      {
        "date" : 778026277.472744,
        "title" : "Untitled",
        "transform" : [
          0.9988332,
          -8.0424314e-07,
          -0.04829327,
          0,
          -0.022201091,
          0.8880581,
          -0.45919487,
          0,
          0.04288764,
          0.4597311,
          0.887022,
          0,
          0.006647931,
          0.06194815,
          0.074793346,
          1
        ]
      },
      {
        "date" : 778026274.753641,
        "title" : "Untitled",
        "transform" : [
          -0.05561909,
          -8.040598e-07,
          -0.998452,
          0,
          -0.54971707,
          0.83478945,
          0.030621339,
          0,
          0.8334972,
          0.5505691,
          -0.046430655,
          0,
          0.06782291,
          0.06949444,
          -0.0068109506,
          1
        ]
      },
      {
        "date" : 778026266.936046,
        "title" : "Untitled",
        "transform" : [
          0.9999885,
          -8.049528e-07,
          0.004794545,
          0,
          -0.00012368897,
          0.99966204,
          0.02599758,
          0,
          -0.0047929706,
          -0.025997994,
          0.9996505,
          0,
          0.0025696796,
          0.018041711,
          0.09562273,
          1
        ]
      },
      {
        "date" : 778026257.781334,
        "title" : "Untitled",
        "transform" : [
          0.9991143,
          -8.053576e-07,
          0.04208026,
          0,
          -0.0046896804,
          0.9937679,
          0.111370094,
          0,
          -0.041818164,
          -0.1114689,
          0.9928876,
          0,
          -0.0010480592,
          0.009791794,
          0.09684438,
          1
        ]
      },
      {
        "date" : 778026254.953859,
        "title" : "Untitled",
        "transform" : [
          0.9940061,
          -8.05298e-07,
          0.10932448,
          0,
          -0.0027420565,
          0.9996852,
          0.024940265,
          0,
          -0.10929014,
          -0.025090668,
          0.9936932,
          0,
          -0.00744068,
          0.01812848,
          0.095350966,
          1
        ]
      },
      {
        "date" : 778026233.942562,
        "title" : "Untitled",
        "transform" : [
          0.9994559,
          -8.060055e-07,
          0.032982707,
          0,
          -0.0037522386,
          0.9935045,
          0.11373089,
          0,
          -0.032768615,
          -0.11379289,
          0.99296397,
          0,
          -0.00016710348,
          0.009565361,
          0.09687254,
          1
        ]
      },
      {
        "date" : 778026165.286482,
        "title" : "Untitled",
        "transform" : [
          0.9994559,
          -8.060055e-07,
          0.032982707,
          0,
          -0.0037522386,
          0.9935045,
          0.11373089,
          0,
          -0.032768615,
          -0.11379289,
          0.99296397,
          0,
          0.0050928127,
          0.01061184,
          0.09716615,
          1
        ]
      },
      {
        "date" : 778026141.061832,
        "title" : "Untitled",
        "transform" : [
          0.9993976,
          -8.0599693e-07,
          -0.03470208,
          0,
          0.004132681,
          0.9928867,
          0.11899102,
          0,
          0.034455087,
          -0.119062856,
          0.9922886,
          0,
          0.011655958,
          0.010097293,
          0.096653976,
          1
        ]
      }
    ],
    "B1F7D6D4-9384-4A14-A878-702B3FE490BA" : [
      {
        "date" : 778311742.365758,
        "title" : "Untitled",
        "transform" : [
          -0.40981826,
          1.8900264e-09,
          -0.9121672,
          0,
          -0.024159947,
          0.99964917,
          0.010854625,
          0,
          0.9118472,
          0.0264864,
          -0.4096746,
          0,
          2.8267374,
          1.0378577,
          -1.4407679,
          1
        ]
      },
      {
        "date" : 778311740.181241,
        "title" : "Untitled",
        "transform" : [
          -0.36322233,
          2.0000668e-09,
          -0.9317025,
          0,
          0.002088766,
          0.9999975,
          -0.0008142534,
          0,
          0.9317001,
          -0.0022417982,
          -0.36322156,
          0,
          2.9224617,
          0.9463949,
          -1.3065071,
          1
        ]
      },
      {
        "date" : 778311736.447326,
        "title" : "Untitled",
        "transform" : [
          -0.36322233,
          2.0000668e-09,
          -0.9317025,
          0,
          0.002088766,
          0.9999975,
          -0.0008142534,
          0,
          0.9317001,
          -0.0022417982,
          -0.36322156,
          0,
          2.0888565,
          1.9310687,
          -1.1493511,
          1
        ]
      },
      {
        "date" : 778311730.941932,
        "title" : "Untitled",
        "transform" : [
          -0.36322233,
          2.0000668e-09,
          -0.9317025,
          0,
          0.002088766,
          0.9999975,
          -0.0008142534,
          0,
          0.9317002,
          -0.0022417984,
          -0.3632216,
          0,
          3.3624399,
          1.4712828,
          -1.4780027,
          1
        ]
      },
      {
        "date" : 778311716.702319,
        "title" : "Untitled",
        "transform" : [
          -0.06999988,
          1.0164585e-08,
          -0.997547,
          0,
          -0.26632035,
          0.9637034,
          0.018688276,
          0,
          0.9613395,
          0.26697534,
          -0.06745928,
          0,
          3.119662,
          2.404624,
          -0.37504157,
          1
        ]
      },
      {
        "date" : 778311688.560308,
        "title" : "Untitled",
        "transform" : [
          -0.06999988,
          1.0164585e-08,
          -0.997547,
          0,
          -0.26632035,
          0.9637034,
          0.018688276,
          0,
          0.9613395,
          0.26697534,
          -0.06745928,
          0,
          2.7891293,
          2.1498506,
          -0.33530536,
          1
        ]
      },
      {
        "date" : 778311687.17676,
        "title" : "Untitled",
        "transform" : [
          -0.06616255,
          1.2115415e-08,
          -0.9978088,
          0,
          -0.00069754623,
          0.99999976,
          4.629574e-05,
          0,
          0.99780864,
          0.00069920154,
          -0.0661627,
          0,
          3.2605577,
          1.3250415,
          -0.35575044,
          1
        ]
      },
      {
        "date" : 778311680.140032,
        "title" : "Untitled",
        "transform" : [
          -0.06616255,
          1.2115415e-08,
          -0.9978088,
          0,
          -0.00069754623,
          0.99999976,
          4.629574e-05,
          0,
          0.99780864,
          0.00069920154,
          -0.0661627,
          0,
          2.8796368,
          1.3093966,
          -0.31360185,
          1
        ]
      },
      {
        "date" : 778311677.407392,
        "title" : "Untitled",
        "transform" : [
          0.65847987,
          1.1832903e-08,
          -0.7525983,
          0,
          0.15793887,
          0.9777318,
          0.13818741,
          0,
          0.7358394,
          -0.20985804,
          0.64381665,
          0,
          2.4173245,
          0.670723,
          1.9523948,
          1
        ]
      },
      {
        "date" : 778311661.972042,
        "title" : "Untitled",
        "transform" : [
          -0.041815527,
          1.0830832e-08,
          -0.9991253,
          0,
          -0.065146916,
          0.99787205,
          0.0027265893,
          0,
          0.9969992,
          0.06520408,
          -0.041726734,
          0,
          3.9065478,
          1.5659847,
          -0.2859953,
          1
        ]
      }
    ]
  },
  "sceneViewportBackgroundColors" : {

  },
  "selectedSceneRelativePath" : "TrayAndCover.usda"
}