{
  "advancedEditorSelectedIdentifier" : "ProjectBrowser",
  "openSceneRelativePaths" : [
    "Scene.usda",
    "diceCollection.usda"
  ],
  "recentIdentifiers" : {
    "3C97A223-C2F4-460A-A016-4DDED1642AFE" : [

    ],
    "556F4B6E-E2BD-4521-BA44-B6E1A90755DD" : [

    ]
  },
  "sceneCameraHistory" : {
    "3C97A223-C2F4-460A-A016-4DDED1642AFE" : [
      {
        "date" : 777163550.472306,
        "title" : "Untitled",
        "transform" : [
          -0.3980725,
          -8.2014306e-10,
          -0.917354,
          0,
          -0.3130697,
          0.93996364,
          0.13585207,
          0,
          0.8622794,
          0.3412747,
          -0.37417367,
          0,
          19.580269,
          11.68565,
          -14.08153,
          1
        ]
      },
      {
        "date" : 777160284.142383,
        "title" : "Untitled",
        "transform" : [
          -0.3980725,
          -6.743308e-08,
          -0.917354,
          0,
          -0.3130697,
          0.93996364,
          0.135852,
          0,
          0.8622793,
          0.34127465,
          -0.37417367,
          0,
          15.681868,
          9.223696,
          -7.396132,
          1
        ]
      },
      {
        "date" : 777160032.603304,
        "title" : "Untitled",
        "transform" : [
          -0.3980725,
          -6.743308e-08,
          -0.917354,
          0,
          -0.3130697,
          0.93996364,
          0.135852,
          0,
          0.8622793,
          0.34127465,
          -0.37417367,
          0,
          16.432993,
          7.5911837,
          -7.1541395,
          1
        ]
      },
      {
        "date" : 776723589.009056,
        "title" : "Untitled",
        "transform" : [
          -0.39807233,
          -8.320507e-08,
          -0.917354,
          0,
          -0.3130697,
          0.9399636,
          0.13585198,
          0,
          0.8622793,
          0.34127465,
          -0.37417367,
          0,
          19.242153,
          10.725898,
          -16.166012,
          1
        ]
      },
      {
        "date" : 776723557.138992,
        "title" : "Untitled",
        "transform" : [
          -0.39807233,
          -8.320507e-08,
          -0.917354,
          0,
          -0.3130697,
          0.9399636,
          0.13585198,
          0,
          0.8622793,
          0.34127465,
          -0.37417367,
          0,
          19.392136,
          15.365264,
          -11.58893,
          1
        ]
      },
      {
        "date" : 776723548.713091,
        "title" : "Untitled",
        "transform" : [
          -0.39807233,
          -8.320507e-08,
          -0.917354,
          0,
          -0.3130697,
          0.9399636,
          0.13585198,
          0,
          0.8622793,
          0.34127465,
          -0.37417367,
          0,
          19.689224,
          12.9175825,
          -13.136759,
          1
        ]
      },
      {
        "date" : 776723541.380382,
        "title" : "Untitled",
        "transform" : [
          -0.39807233,
          -8.320507e-08,
          -0.917354,
          0,
          -0.3130697,
          0.9399636,
          0.13585198,
          0,
          0.8622793,
          0.34127465,
          -0.37417367,
          0,
          23.833014,
          13.929473,
          -13.148263,
          1
        ]
      },
      {
        "date" : 776723510.085479,
        "title" : "Untitled",
        "transform" : [
          -0.46408236,
          -8.442735e-08,
          -0.88579214,
          0,
          -0.25413856,
          0.95795876,
          0.1331477,
          0,
          0.8485523,
          0.28690544,
          -0.4445719,
          0,
          15.37039,
          6.878371,
          -7.577538,
          1
        ]
      },
      {
        "date" : 776723486.636371,
        "title" : "Untitled",
        "transform" : [
          0.7427243,
          -8.765935e-08,
          -0.6695974,
          0,
          -0.24435037,
          0.93103826,
          -0.271036,
          0,
          0.6234209,
          0.36492142,
          0.69150466,
          0,
          10.771021,
          6.2825003,
          6.388191,
          1
        ]
      },
      {
        "date" : 776723474.451337,
        "title" : "Untitled",
        "transform" : [
          -0.42534763,
          -9.017533e-08,
          -0.9050301,
          0,
          -0.4191971,
          0.88626117,
          0.19701493,
          0,
          0.80209297,
          0.46318582,
          -0.3769692,
          0,
          10.184736,
          7.5245028,
          -7.6900153,
          1
        ]
      }
    ],
    "556F4B6E-E2BD-4521-BA44-B6E1A90755DD" : [
      {
        "date" : 777939235.479259,
        "title" : "Untitled",
        "transform" : [
          -0.93699825,
          -8.238467e-07,
          0.34933376,
          0,
          0.20189065,
          0.8160846,
          0.541522,
          0,
          -0.28508636,
          0.5779325,
          -0.7646698,
          0,
          -0.020888899,
          0.055945855,
          -0.075178206,
          1
        ]
      },
      {
        "date" : 777939223.338525,
        "title" : "Untitled",
        "transform" : [
          -0.7448932,
          -8.3786665e-07,
          0.66718364,
          0,
          0.26323685,
          0.91887444,
          0.29389834,
          0,
          -0.6130582,
          0.39455026,
          -0.6844631,
          0,
          -0.053323966,
          0.03868269,
          -0.07020983,
          1
        ]
      },
      {
        "date" : 777938792.656918,
        "title" : "Untitled",
        "transform" : [
          -0.766519,
          -8.3117294e-07,
          0.64222157,
          0,
          0.33002976,
          0.857857,
          0.39390594,
          0,
          -0.55093455,
          0.5138886,
          -0.6575633,
          0,
          -0.047230728,
          0.049759082,
          -0.06733543,
          1
        ]
      },
      {
        "date" : 777938789.002807,
        "title" : "Untitled",
        "transform" : [
          -0.76722103,
          -8.286319e-07,
          0.64138263,
          0,
          0.088575184,
          0.990418,
          0.105954885,
          0,
          -0.6352371,
          0.13810147,
          -0.7598696,
          0,
          -0.058084015,
          0.0012964725,
          -0.07780234,
          1
        ]
      },
      {
        "date" : 777938765.949529,
        "title" : "Untitled",
        "transform" : [
          -0.7780738,
          -8.3028135e-07,
          0.62817276,
          0,
          0.10998842,
          0.9845517,
          0.13623635,
          0,
          -0.61846876,
          0.17509373,
          -0.7660538,
          0,
          -0.05670906,
          0.0048337327,
          -0.07867177,
          1
        ]
      },
      {
        "date" : 777938763.507175,
        "title" : "Untitled",
        "transform" : [
          -0.8119208,
          -8.3672984e-07,
          0.5837675,
          0,
          0.23724195,
          0.91369563,
          0.32996437,
          0,
          -0.5333861,
          0.40639907,
          -0.74184823,
          0,
          -0.050058372,
          0.027353574,
          -0.07845745,
          1
        ]
      },
      {
        "date" : 777938760.464427,
        "title" : "Untitled",
        "transform" : [
          -0.4523284,
          -8.3819117e-07,
          0.8918512,
          0,
          0.11754868,
          0.9912757,
          0.059619203,
          0,
          -0.8840707,
          0.13180338,
          -0.4483821,
          0,
          -0.083177924,
          0.0004922311,
          -0.048734993,
          1
        ]
      },
      {
        "date" : 777938752.188122,
        "title" : "Untitled",
        "transform" : [
          -0.46003747,
          -8.520964e-07,
          0.88789946,
          0,
          0.8780999,
          0.1481605,
          0.4549603,
          0,
          -0.13155209,
          0.98896325,
          -0.0681586,
          0,
          -0.021267846,
          0.09158655,
          -0.017586926,
          1
        ]
      },
      {
        "date" : 777938730.648784,
        "title" : "Untitled",
        "transform" : [
          -0.46125895,
          -8.5337365e-07,
          0.8872655,
          0,
          0.886725,
          0.034899525,
          0.46097797,
          0,
          -0.030965596,
          0.9993908,
          -0.016096924,
          0,
          -0.01187633,
          0.09381212,
          -0.012743091,
          1
        ]
      },
      {
        "date" : 777938727.392568,
        "title" : "Untitled",
        "transform" : [
          -0.46125895,
          -8.5337365e-07,
          0.8872655,
          0,
          0.886725,
          0.034899525,
          0.46097797,
          0,
          -0.030965596,
          0.9993908,
          -0.016096924,
          0,
          -0.005315373,
          0.094161116,
          -0.0036969846,
          1
        ]
      }
    ]
  },
  "sceneViewportBackgroundColors" : {

  },
  "selectedSceneRelativePath" : "diceCollection.usda"
}