{
  "advancedEditorSelectedIdentifier" : "ShaderGraphEditorPluginID",
  "openSceneRelativePaths" : [
    "Scene.usda"
  ],
  "recentIdentifiers" : {
    "3C97A223-C2F4-460A-A016-4DDED1642AFE" : [

    ]
  },
  "sceneCameraHistory" : {
    "3C97A223-C2F4-460A-A016-4DDED1642AFE" : [
      {
        "date" : 775527226.57814,
        "title" : "Untitled",
        "transform" : [
          0.023999635,
          -1.5486559e-09,
          -0.999712,
          0,
          -0.17329457,
          0.98486125,
          -0.004160201,
          0,
          0.98457766,
          0.17334452,
          0.023636362,
          0,
          6.7624226,
          1.0145895,
          -4.685605,
          1
        ]
      },
      {
        "date" : 775526887.067898,
        "title" : "Untitled",
        "transform" : [
          0.023999607,
          3.4372891e-09,
          -0.99971205,
          0,
          -0.17329459,
          0.9848613,
          -0.0041601174,
          0,
          0.9845776,
          0.17334455,
          0.023636296,
          0,
          8.924799,
          1.7996933,
          -5.942759,
          1
        ]
      },
      {
        "date" : 775526879.372274,
        "title" : "Untitled",
        "transform" : [
          0.045453932,
          3.9360684e-09,
          -0.9989665,
          0,
          0.12655099,
          0.9919434,
          0.0057582734,
          0,
          0.9909182,
          -0.1266819,
          0.045087736,
          0,
          13.181459,
          -0.41617954,
          -5.7536583,
          1
        ]
      },
      {
        "date" : 775526877.302463,
        "title" : "Untitled",
        "transform" : [
          0.045453932,
          3.9360684e-09,
          -0.9989665,
          0,
          0.12655099,
          0.9919434,
          0.0057582734,
          0,
          0.9909182,
          -0.1266819,
          0.045087736,
          0,
          13.146798,
          -1.4683479,
          -7.948145,
          1
        ]
      },
      {
        "date" : 775526816.100297,
        "title" : "Untitled",
        "transform" : [
          -0.3584806,
          3.8079992e-09,
          -0.93353724,
          0,
          -0.05227944,
          0.9984307,
          0.020075522,
          0,
          0.9320722,
          0.056001503,
          -0.35791802,
          0,
          8.912865,
          0.8811036,
          -12.56789,
          1
        ]
      },
      {
        "date" : 775526395.505394,
        "title" : "Untitled",
        "transform" : [
          -0.3584806,
          3.8079992e-09,
          -0.93353724,
          0,
          -0.05227944,
          0.9984307,
          0.020075522,
          0,
          0.9320722,
          0.056001503,
          -0.35791802,
          0,
          4.907236,
          0.29371214,
          -10.773214,
          1
        ]
      },
      {
        "date" : 775525590.939645,
        "title" : "Untitled",
        "transform" : [
          -0.3584806,
          3.8079992e-09,
          -0.93353724,
          0,
          -0.05227944,
          0.9984307,
          0.020075522,
          0,
          0.9320722,
          0.056001503,
          -0.35791802,
          0,
          5.380338,
          0.46147513,
          -9.5149355,
          1
        ]
      },
      {
        "date" : 775525584.928405,
        "title" : "Untitled",
        "transform" : [
          -0.28062156,
          3.688444e-09,
          -0.95981854,
          0,
          -0.06785939,
          0.9974977,
          0.019840093,
          0,
          0.9574167,
          0.07070027,
          -0.27991933,
          0,
          6.1360006,
          0.5856357,
          -9.038889,
          1
        ]
      },
      {
        "date" : 775525567.690919,
        "title" : "Untitled",
        "transform" : [
          -0.3680301,
          3.3451704e-09,
          -0.9298139,
          0,
          -0.039157398,
          0.9991129,
          0.015498999,
          0,
          0.928989,
          0.042113207,
          -0.3677036,
          0,
          5.28774,
          0.34416294,
          -9.571643,
          1
        ]
      },
      {
        "date" : 775524690.187384,
        "title" : "Untitled",
        "transform" : [
          -0.013861343,
          1.0943094e-09,
          -0.999904,
          0,
          -0.6121827,
          0.7906709,
          0.008486551,
          0,
          0.7905949,
          0.61224145,
          -0.010959773,
          0,
          4.444355,
          3.355208,
          -4.7674828,
          1
        ]
      }
    ]
  },
  "sceneViewportBackgroundColors" : {

  },
  "selectedSceneRelativePath" : "Scene.usda"
}