{
  "advancedEditorSelectedIdentifier" : "ProjectBrowser",
  "openSceneRelativePaths" : [
    "Scene.usda",
    "diceCollection.usda"
  ],
  "recentIdentifiers" : {
    "3C97A223-C2F4-460A-A016-4DDED1642AFE" : [

    ],
    "556F4B6E-E2BD-4521-BA44-B6E1A90755DD" : [

    ]
  },
  "sceneCameraHistory" : {
    "3C97A223-C2F4-460A-A016-4DDED1642AFE" : [
      {
        "date" : 777163550.472306,
        "title" : "Untitled",
        "transform" : [
          -0.3980725,
          -8.2014306e-10,
          -0.917354,
          0,
          -0.3130697,
          0.93996364,
          0.13585207,
          0,
          0.8622794,
          0.3412747,
          -0.37417367,
          0,
          19.580269,
          11.68565,
          -14.08153,
          1
        ]
      },
      {
        "date" : 777160284.142383,
        "title" : "Untitled",
        "transform" : [
          -0.3980725,
          -6.743308e-08,
          -0.917354,
          0,
          -0.3130697,
          0.93996364,
          0.135852,
          0,
          0.8622793,
          0.34127465,
          -0.37417367,
          0,
          15.681868,
          9.223696,
          -7.396132,
          1
        ]
      },
      {
        "date" : 777160032.603304,
        "title" : "Untitled",
        "transform" : [
          -0.3980725,
          -6.743308e-08,
          -0.917354,
          0,
          -0.3130697,
          0.93996364,
          0.135852,
          0,
          0.8622793,
          0.34127465,
          -0.37417367,
          0,
          16.432993,
          7.5911837,
          -7.1541395,
          1
        ]
      },
      {
        "date" : 776723589.009056,
        "title" : "Untitled",
        "transform" : [
          -0.39807233,
          -8.320507e-08,
          -0.917354,
          0,
          -0.3130697,
          0.9399636,
          0.13585198,
          0,
          0.8622793,
          0.34127465,
          -0.37417367,
          0,
          19.242153,
          10.725898,
          -16.166012,
          1
        ]
      },
      {
        "date" : 776723557.138992,
        "title" : "Untitled",
        "transform" : [
          -0.39807233,
          -8.320507e-08,
          -0.917354,
          0,
          -0.3130697,
          0.9399636,
          0.13585198,
          0,
          0.8622793,
          0.34127465,
          -0.37417367,
          0,
          19.392136,
          15.365264,
          -11.58893,
          1
        ]
      },
      {
        "date" : 776723548.713091,
        "title" : "Untitled",
        "transform" : [
          -0.39807233,
          -8.320507e-08,
          -0.917354,
          0,
          -0.3130697,
          0.9399636,
          0.13585198,
          0,
          0.8622793,
          0.34127465,
          -0.37417367,
          0,
          19.689224,
          12.9175825,
          -13.136759,
          1
        ]
      },
      {
        "date" : 776723541.380382,
        "title" : "Untitled",
        "transform" : [
          -0.39807233,
          -8.320507e-08,
          -0.917354,
          0,
          -0.3130697,
          0.9399636,
          0.13585198,
          0,
          0.8622793,
          0.34127465,
          -0.37417367,
          0,
          23.833014,
          13.929473,
          -13.148263,
          1
        ]
      },
      {
        "date" : 776723510.085479,
        "title" : "Untitled",
        "transform" : [
          -0.46408236,
          -8.442735e-08,
          -0.88579214,
          0,
          -0.25413856,
          0.95795876,
          0.1331477,
          0,
          0.8485523,
          0.28690544,
          -0.4445719,
          0,
          15.37039,
          6.878371,
          -7.577538,
          1
        ]
      },
      {
        "date" : 776723486.636371,
        "title" : "Untitled",
        "transform" : [
          0.7427243,
          -8.765935e-08,
          -0.6695974,
          0,
          -0.24435037,
          0.93103826,
          -0.271036,
          0,
          0.6234209,
          0.36492142,
          0.69150466,
          0,
          10.771021,
          6.2825003,
          6.388191,
          1
        ]
      },
      {
        "date" : 776723474.451337,
        "title" : "Untitled",
        "transform" : [
          -0.42534763,
          -9.017533e-08,
          -0.9050301,
          0,
          -0.4191971,
          0.88626117,
          0.19701493,
          0,
          0.80209297,
          0.46318582,
          -0.3769692,
          0,
          10.184736,
          7.5245028,
          -7.6900153,
          1
        ]
      }
    ],
    "556F4B6E-E2BD-4521-BA44-B6E1A90755DD" : [
      {
        "date" : 777937322.30103,
        "title" : "Untitled",
        "transform" : [
          -0.42612958,
          -6.452691e-07,
          0.904662,
          0,
          0.2118531,
          0.97219336,
          0.09979158,
          0,
          -0.87950647,
          0.2341797,
          -0.41428035,
          0,
          -0.0776385,
          0.03218934,
          -0.0353475,
          1
        ]
      },
      {
        "date" : 777937299.278638,
        "title" : "Untitled",
        "transform" : [
          -0.9594701,
          -6.757583e-07,
          0.28181088,
          0,
          0.16433287,
          0.8123761,
          0.5594996,
          0,
          -0.22893669,
          0.583134,
          -0.7794503,
          0,
          -0.014617691,
          0.06601067,
          -0.0707798,
          1
        ]
      },
      {
        "date" : 777937293.597632,
        "title" : "Untitled",
        "transform" : [
          -0.9992129,
          -6.9441325e-07,
          0.0396685,
          0,
          0.03964427,
          0.034899686,
          0.9986042,
          0,
          -0.00138502,
          0.99939084,
          -0.03487203,
          0,
          0.0075612697,
          0.10825539,
          -0.0007871245,
          1
        ]
      },
      {
        "date" : 777937290.382012,
        "title" : "Untitled",
        "transform" : [
          -0.9997438,
          -6.9450107e-07,
          -0.022635661,
          0,
          -0.022502685,
          0.10828094,
          0.9938656,
          0,
          0.0024504024,
          0.9941205,
          -0.10825306,
          0,
          0.008129338,
          0.107514754,
          -0.0076843775,
          1
        ]
      },
      {
        "date" : 777937287.447698,
        "title" : "Untitled",
        "transform" : [
          -0.8025814,
          -6.945149e-07,
          -0.59654266,
          0,
          -0.5961793,
          0.03489966,
          0.8020925,
          0,
          0.02081855,
          0.9993909,
          -0.02801005,
          0,
          0.011452728,
          0.10825539,
          0.0014313394,
          1
        ]
      },
      {
        "date" : 777937256.494936,
        "title" : "Untitled",
        "transform" : [
          -0.7549312,
          -7.135154e-07,
          -0.65580404,
          0,
          -0.45708463,
          0.71708775,
          0.52617383,
          0,
          0.47026864,
          0.69698304,
          -0.5413521,
          0,
          0.05382786,
          0.07718485,
          -0.046581574,
          1
        ]
      },
      {
        "date" : 777937251.281495,
        "title" : "Untitled",
        "transform" : [
          -0.94590974,
          -7.0726855e-07,
          -0.32443014,
          0,
          -0.1888818,
          0.81305003,
          0.55070263,
          0,
          0.26377758,
          0.582194,
          -0.7690719,
          0,
          0.03353042,
          0.065918766,
          -0.068877265,
          1
        ]
      },
      {
        "date" : 777937239.442353,
        "title" : "Untitled",
        "transform" : [
          -0.8978729,
          -6.806906e-07,
          -0.44025508,
          0,
          -0.35580322,
          0.5889431,
          0.7256377,
          0,
          0.25928473,
          0.8081746,
          -0.5287962,
          0,
          0.011952053,
          0.098048106,
          -0.041911162,
          1
        ]
      },
      {
        "date" : 777937233.293543,
        "title" : "Untitled",
        "transform" : [
          -0.9524821,
          -6.673827e-07,
          -0.3045948,
          0,
          -0.044452485,
          0.98929375,
          0.13900289,
          0,
          0.3013337,
          0.14593779,
          -0.9422846,
          0,
          0.020108216,
          0.04387519,
          -0.08745227,
          1
        ]
      },
      {
        "date" : 777937217.384233,
        "title" : "Untitled",
        "transform" : [
          -0.37212822,
          -6.637088e-07,
          -0.92818135,
          0,
          -0.7812334,
          0.539974,
          0.31321326,
          0,
          0.5011936,
          0.8416817,
          -0.20094007,
          0,
          0.033601098,
          0.10581234,
          -0.01790853,
          1
        ]
      }
    ]
  },
  "sceneViewportBackgroundColors" : {

  },
  "selectedSceneRelativePath" : "diceCollection.usda"
}