{
  "advancedEditorSelectedIdentifier" : "ShaderGraphEditorPluginID",
  "openSceneRelativePaths" : [
    "Scene.usda"
  ],
  "recentIdentifiers" : {
    "3C97A223-C2F4-460A-A016-4DDED1642AFE" : [

    ]
  },
  "sceneCameraHistory" : {
    "3C97A223-C2F4-460A-A016-4DDED1642AFE" : [
      {
        "date" : 775356912.099646,
        "title" : "Untitled",
        "transform" : [
          0.65012157,
          -1.6263849e-08,
          -0.7598302,
          0,
          -0.24674475,
          0.94580454,
          -0.21111843,
          0,
          0.7186508,
          0.3247367,
          0.6148879,
          0,
          3.9349287,
          1.4665431,
          1.451852,
          1
        ]
      },
      {
        "date" : 775355007.037572,
        "title" : "Untitled",
        "transform" : [
          0.46883965,
          -1.4426547e-08,
          -0.88328326,
          0,
          -0.32710987,
          0.9288987,
          -0.17362735,
          0,
          0.8204807,
          0.37033403,
          0.4355045,
          0,
          3.4660182,
          1.3745425,
          0.19244824,
          1
        ]
      },
      {
        "date" : 775199525.538933,
        "title" : "Untitled",
        "transform" : [
          0.45167843,
          -1.6010976e-08,
          -0.8921808,
          0,
          -0.23534895,
          0.96458,
          -0.11914861,
          0,
          0.8605797,
          0.26379064,
          0.43567994,
          0,
          3.0370915,
          1.3938398,
          1.0450597,
          1
        ]
      },
      {
        "date" : 775199487.205006,
        "title" : "Untitled",
        "transform" : [
          0.45167843,
          -1.6010976e-08,
          -0.8921808,
          0,
          -0.23534895,
          0.96458,
          -0.11914861,
          0,
          0.8605797,
          0.26379064,
          0.43567994,
          0,
          3.1677926,
          1.0383677,
          1.0021186,
          1
        ]
      },
      {
        "date" : 775199480.189322,
        "title" : "Untitled",
        "transform" : [
          0.21957907,
          -1.8220446e-08,
          -0.9755947,
          0,
          -0.5375579,
          0.8345016,
          -0.120989285,
          0,
          0.8141353,
          0.5510053,
          0.18323909,
          0,
          5.102333,
          3.4169989,
          -1.1158227,
          1
        ]
      },
      {
        "date" : 775199431.069592,
        "title" : "Untitled",
        "transform" : [
          0.3025853,
          -1.34396005e-08,
          -0.9531223,
          0,
          -0.34848174,
          0.93076366,
          -0.11063164,
          0,
          0.88713163,
          0.36562124,
          0.28163543,
          0,
          5.7575045,
          2.359239,
          -0.4897798,
          1
        ]
      },
      {
        "date" : 775199359.48771,
        "title" : "Untitled",
        "transform" : [
          0.14504817,
          -1.4851546e-08,
          -0.98942465,
          0,
          -0.32400683,
          0.94486153,
          -0.04749894,
          0,
          0.9348692,
          0.32746997,
          0.13705045,
          0,
          6.1608496,
          1.6719124,
          -3.4642463,
          1
        ]
      },
      {
        "date" : 775199293.787758,
        "title" : "Untitled",
        "transform" : [
          0.14504828,
          8.524821e-09,
          -0.9894245,
          0,
          -0.32400683,
          0.94486153,
          -0.047498927,
          0,
          0.9348693,
          0.32747012,
          0.13705052,
          0,
          6.7018595,
          2.0987136,
          -2.3135023,
          1
        ]
      },
      {
        "date" : 775199291.66523,
        "title" : "Untitled",
        "transform" : [
          0.14504828,
          8.524821e-09,
          -0.9894245,
          0,
          -0.32400683,
          0.94486153,
          -0.047498927,
          0,
          0.9348693,
          0.32747012,
          0.13705052,
          0,
          6.828442,
          2.491377,
          -4.115205,
          1
        ]
      },
      {
        "date" : 775199276.775255,
        "title" : "Untitled",
        "transform" : [
          0.15534583,
          9.07503e-09,
          -0.98786014,
          0,
          -0.41757208,
          0.90626794,
          -0.065665215,
          0,
          0.895266,
          0.42270374,
          0.14078495,
          0,
          4.871051,
          1.8991565,
          -8.32304,
          1
        ]
      }
    ]
  },
  "sceneViewportBackgroundColors" : {

  },
  "selectedSceneRelativePath" : "Scene.usda"
}