{
  "advancedEditorSelectedIdentifier" : "ProjectBrowser",
  "openSceneRelativePaths" : [
    "Scene.usda",
    "Untitled Scene.usda"
  ],
  "recentIdentifiers" : {
    "3C97A223-C2F4-460A-A016-4DDED1642AFE" : [

    ],
    "556F4B6E-E2BD-4521-BA44-B6E1A90755DD" : [

    ],
    "B1F7D6D4-9384-4A14-A878-702B3FE490BA" : [

    ]
  },
  "sceneCameraHistory" : {
    "3C97A223-C2F4-460A-A016-4DDED1642AFE" : [
      {
        "date" : 778055953.497051,
        "title" : "Untitled",
        "transform" : [
          -0.2440762,
          7.5034805e-09,
          -0.969756,
          0,
          -0.3536969,
          0.93111426,
          0.08902135,
          0,
          0.9029537,
          0.3647277,
          -0.22726265,
          0,
          58.06002,
          33.385136,
          -33.00393,
          1
        ]
      },
      {
        "date" : 778055134.339099,
        "title" : "Untitled",
        "transform" : [
          0.26820722,
          6.7662667e-09,
          -0.9633612,
          0,
          -0.44592127,
          0.8864206,
          -0.12414795,
          0,
          0.85394317,
          0.46288064,
          0.23774458,
          0,
          62.96068,
          40.12202,
          -0.9842422,
          1
        ]
      },
      {
        "date" : 778055112.548996,
        "title" : "Untitled",
        "transform" : [
          0.5750224,
          2.0334632e-09,
          -0.81813765,
          0,
          -0.266342,
          0.94552594,
          -0.18719667,
          0,
          0.77357024,
          0.3255467,
          0.5436987,
          0,
          64.25916,
          30.449123,
          23.85923,
          1
        ]
      },
      {
        "date" : 778055064.692501,
        "title" : "Untitled",
        "transform" : [
          0.5750224,
          2.0334632e-09,
          -0.81813765,
          0,
          -0.266342,
          0.94552594,
          -0.18719667,
          0,
          0.77357024,
          0.3255467,
          0.5436987,
          0,
          17.438623,
          12.795603,
          7.6988688,
          1
        ]
      },
      {
        "date" : 778055032.232577,
        "title" : "Untitled",
        "transform" : [
          0.69201607,
          2.0308025e-08,
          -0.72188216,
          0,
          -0.34908485,
          0.87530243,
          -0.33464238,
          0,
          0.631865,
          0.48357597,
          0.6057233,
          0,
          12.265147,
          9.9274,
          4.9447255,
          1
        ]
      },
      {
        "date" : 778055029.85804,
        "title" : "Untitled",
        "transform" : [
          0.6814743,
          1.0304085e-08,
          -0.73184216,
          0,
          -0.13936971,
          0.98169947,
          -0.1297779,
          0,
          0.7184488,
          0.1904369,
          0.66900295,
          0,
          14.623283,
          2.702844,
          6.763651,
          1
        ]
      },
      {
        "date" : 778055026.276785,
        "title" : "Untitled",
        "transform" : [
          0.7285016,
          5.779711e-09,
          -0.68504417,
          0,
          -0.35291937,
          0.8570835,
          -0.3753077,
          0,
          0.5871399,
          0.51517755,
          0.62438667,
          0,
          11.76504,
          9.339539,
          6.1283493,
          1
        ]
      },
      {
        "date" : 778054967.749796,
        "title" : "Untitled",
        "transform" : [
          0.6102879,
          4.7463082e-09,
          -0.79217976,
          0,
          -0.34636205,
          0.8993514,
          -0.2668341,
          0,
          0.7124479,
          0.43722656,
          0.54886323,
          0,
          14.542565,
          6.6988,
          4.110299,
          1
        ]
      },
      {
        "date" : 778054964.858421,
        "title" : "Untitled",
        "transform" : [
          0.6102879,
          4.7463082e-09,
          -0.79217976,
          0,
          -0.34636205,
          0.8993514,
          -0.2668341,
          0,
          0.7124479,
          0.43722656,
          0.54886323,
          0,
          10.637593,
          5.7292833,
          2.1391463,
          1
        ]
      },
      {
        "date" : 778054854.914697,
        "title" : "Untitled",
        "transform" : [
          0.6102879,
          4.7463082e-09,
          -0.79217976,
          0,
          -0.34636205,
          0.8993514,
          -0.2668341,
          0,
          0.7124479,
          0.43722656,
          0.54886323,
          0,
          13.187344,
          4.4201827,
          -0.12770581,
          1
        ]
      }
    ],
    "556F4B6E-E2BD-4521-BA44-B6E1A90755DD" : [
      {
        "date" : 778028000.662139,
        "title" : "Untitled",
        "transform" : [
          0.9987526,
          -8.0378686e-07,
          -0.049932126,
          0,
          -0.032804023,
          0.753902,
          -0.6561674,
          0,
          0.037644494,
          0.6569867,
          0.7529617,
          0,
          0.005956226,
          0.076285616,
          0.058732435,
          1
        ]
      },
      {
        "date" : 778027998.48377,
        "title" : "Untitled",
        "transform" : [
          0.9963414,
          -8.040482e-07,
          0.08546172,
          0,
          0.051872924,
          0.79472953,
          -0.60474306,
          0,
          -0.06791845,
          0.60696363,
          0.79182214,
          0,
          -0.0014350973,
          0.07279889,
          0.063313454,
          1
        ]
      },
      {
        "date" : 778026277.472744,
        "title" : "Untitled",
        "transform" : [
          0.9988332,
          -8.0424314e-07,
          -0.04829327,
          0,
          -0.022201091,
          0.8880581,
          -0.45919487,
          0,
          0.04288764,
          0.4597311,
          0.887022,
          0,
          0.006647931,
          0.06194815,
          0.074793346,
          1
        ]
      },
      {
        "date" : 778026274.753641,
        "title" : "Untitled",
        "transform" : [
          -0.05561909,
          -8.040598e-07,
          -0.998452,
          0,
          -0.54971707,
          0.83478945,
          0.030621339,
          0,
          0.8334972,
          0.5505691,
          -0.046430655,
          0,
          0.06782291,
          0.06949444,
          -0.0068109506,
          1
        ]
      },
      {
        "date" : 778026266.936046,
        "title" : "Untitled",
        "transform" : [
          0.9999885,
          -8.049528e-07,
          0.004794545,
          0,
          -0.00012368897,
          0.99966204,
          0.02599758,
          0,
          -0.0047929706,
          -0.025997994,
          0.9996505,
          0,
          0.0025696796,
          0.018041711,
          0.09562273,
          1
        ]
      },
      {
        "date" : 778026257.781334,
        "title" : "Untitled",
        "transform" : [
          0.9991143,
          -8.053576e-07,
          0.04208026,
          0,
          -0.0046896804,
          0.9937679,
          0.111370094,
          0,
          -0.041818164,
          -0.1114689,
          0.9928876,
          0,
          -0.0010480592,
          0.009791794,
          0.09684438,
          1
        ]
      },
      {
        "date" : 778026254.953859,
        "title" : "Untitled",
        "transform" : [
          0.9940061,
          -8.05298e-07,
          0.10932448,
          0,
          -0.0027420565,
          0.9996852,
          0.024940265,
          0,
          -0.10929014,
          -0.025090668,
          0.9936932,
          0,
          -0.00744068,
          0.01812848,
          0.095350966,
          1
        ]
      },
      {
        "date" : 778026233.942562,
        "title" : "Untitled",
        "transform" : [
          0.9994559,
          -8.060055e-07,
          0.032982707,
          0,
          -0.0037522386,
          0.9935045,
          0.11373089,
          0,
          -0.032768615,
          -0.11379289,
          0.99296397,
          0,
          -0.00016710348,
          0.009565361,
          0.09687254,
          1
        ]
      },
      {
        "date" : 778026165.286482,
        "title" : "Untitled",
        "transform" : [
          0.9994559,
          -8.060055e-07,
          0.032982707,
          0,
          -0.0037522386,
          0.9935045,
          0.11373089,
          0,
          -0.032768615,
          -0.11379289,
          0.99296397,
          0,
          0.0050928127,
          0.01061184,
          0.09716615,
          1
        ]
      },
      {
        "date" : 778026141.061832,
        "title" : "Untitled",
        "transform" : [
          0.9993976,
          -8.0599693e-07,
          -0.03470208,
          0,
          0.004132681,
          0.9928867,
          0.11899102,
          0,
          0.034455087,
          -0.119062856,
          0.9922886,
          0,
          0.011655958,
          0.010097293,
          0.096653976,
          1
        ]
      }
    ],
    "B1F7D6D4-9384-4A14-A878-702B3FE490BA" : [
      {
        "date" : 778056044.0054,
        "title" : "Untitled",
        "transform" : [
          0.997041,
          1.0234722e-08,
          -0.07687128,
          0,
          -0.011429938,
          0.988884,
          -0.14824905,
          0,
          0.07601676,
          0.14868918,
          0.9859579,
          0,
          0.70942664,
          1.8151957,
          3.5202332,
          1
        ]
      },
      {
        "date" : 778056038.042757,
        "title" : "Untitled",
        "transform" : [
          0.8725441,
          1.1777397e-08,
          -0.48853537,
          0,
          -0.17764874,
          0.9315413,
          -0.31728786,
          0,
          0.45509082,
          0.36363548,
          0.81281084,
          0,
          2.204635,
          2.3611846,
          2.3778107,
          1
        ]
      },
      {
        "date" : 778056023.072291,
        "title" : "Untitled",
        "transform" : [
          0.9783915,
          1.3105378e-08,
          -0.2067605,
          0,
          -0.068652846,
          0.94326514,
          -0.32486546,
          0,
          0.19502994,
          0.3320405,
          0.92288274,
          0,
          2.1453164,
          2.371901,
          4.1249456,
          1
        ]
      },
      {
        "date" : 778056019.859099,
        "title" : "Untitled",
        "transform" : [
          0.89774615,
          1.5806279e-08,
          -0.4405132,
          0,
          -0.2731635,
          0.7845205,
          -0.5566949,
          0,
          0.34559157,
          0.620103,
          0.7043002,
          0,
          2.4965189,
          3.3413801,
          2.9675622,
          1
        ]
      },
      {
        "date" : 778056013.903255,
        "title" : "Untitled",
        "transform" : [
          0.89774615,
          1.5806279e-08,
          -0.4405132,
          0,
          -0.2731635,
          0.7845205,
          -0.5566949,
          0,
          0.34559157,
          0.620103,
          0.7043002,
          0,
          118.197014,
          158.19675,
          140.49843,
          1
        ]
      },
      {
        "date" : 778056008.392713,
        "title" : "Untitled",
        "transform" : [
          0.89774615,
          1.5806279e-08,
          -0.4405132,
          0,
          -0.2731635,
          0.7845205,
          -0.5566949,
          0,
          0.34559157,
          0.620103,
          0.7043002,
          0,
          5.1152267,
          6.8463,
          6.080368,
          1
        ]
      },
      {
        "date" : 778055999.662318,
        "title" : "Untitled",
        "transform" : [
          0.89774615,
          1.5806279e-08,
          -0.4405132,
          0,
          -0.2731635,
          0.7845205,
          -0.5566949,
          0,
          0.34559157,
          0.620103,
          0.7043002,
          0,
          1.4281937,
          1.9115169,
          1.6976653,
          1
        ]
      },
      {
        "date" : 778055992.186061,
        "title" : "Untitled",
        "transform" : [
          0.9996822,
          -3.8834296e-09,
          0.025209771,
          0,
          0.016417127,
          0.7588877,
          -0.6510146,
          0,
          -0.01913138,
          0.65122163,
          0.7586464,
          0,
          -0.05017954,
          1.9914067,
          2.3345249,
          1
        ]
      },
      {
        "date" : 778054247.744498,
        "title" : "Untitled",
        "transform" : [
          0.9996822,
          -3.8834296e-09,
          0.025209771,
          0,
          0.016417127,
          0.7588877,
          -0.6510146,
          0,
          -0.01913138,
          0.65122163,
          0.7586464,
          0,
          -0.049267724,
          1.684893,
          1.9620422,
          1
        ]
      },
      {
        "date" : 778054236.467069,
        "title" : "Untitled",
        "transform" : [
          0.92341,
          -3.9678643e-09,
          -0.3838151,
          0,
          -0.211134,
          0.8351035,
          -0.50796133,
          0,
          0.32052532,
          0.550093,
          0.7711429,
          0,
          0.8260408,
          1.4243956,
          1.9963053,
          1
        ]
      }
    ]
  },
  "sceneViewportBackgroundColors" : {

  },
  "selectedSceneRelativePath" : "Scene.usda"
}