{
  "advancedEditorSelectedIdentifier" : "ShaderGraphEditorPluginID",
  "openSceneRelativePaths" : [
    "Scene.usda"
  ],
  "recentIdentifiers" : {
    "3C97A223-C2F4-460A-A016-4DDED1642AFE" : [

    ]
  },
  "sceneCameraHistory" : {
    "3C97A223-C2F4-460A-A016-4DDED1642AFE" : [
      {
        "date" : 776400543.550786,
        "title" : "Untitled",
        "transform" : [
          -0.013800386,
          -1.4236999e-08,
          -0.9999048,
          0,
          -0.09422553,
          0.99555004,
          0.0013004243,
          0,
          0.99545527,
          0.09423456,
          -0.01373892,
          0,
          5.0265713,
          0.6897362,
          -4.926817,
          1
        ]
      },
      {
        "date" : 776226075.850218,
        "title" : "Untitled",
        "transform" : [
          -0.03302559,
          -1.4220073e-08,
          -0.99945456,
          0,
          -0.035709605,
          0.9993615,
          0.001179926,
          0,
          0.9988164,
          0.035729144,
          -0.033004444,
          0,
          4.9613113,
          0.45448455,
          -4.99127,
          1
        ]
      },
      {
        "date" : 776226071.87348,
        "title" : "Untitled",
        "transform" : [
          0.05336465,
          -1.4152921e-08,
          -0.99857515,
          0,
          -0.15685284,
          0.9875864,
          -0.008382388,
          0,
          0.9861792,
          0.1570767,
          0.052702256,
          0,
          5.2495255,
          1.1170399,
          -4.0989237,
          1
        ]
      },
      {
        "date" : 776226066.39245,
        "title" : "Untitled",
        "transform" : [
          0.021720964,
          -1.3903043e-08,
          -0.9997641,
          0,
          0.012140367,
          0.99992627,
          0.00026371365,
          0,
          0.9996904,
          -0.012143195,
          0.021719422,
          0,
          8.747509,
          -0.02414814,
          -2.937982,
          1
        ]
      },
      {
        "date" : 776225845.648985,
        "title" : "Untitled",
        "transform" : [
          0.48150846,
          -1.720563e-08,
          -0.8764415,
          0,
          -0.35897556,
          0.9122729,
          -0.19721775,
          0,
          0.79955375,
          0.4095831,
          0.43926716,
          0,
          4.1923485,
          1.7796502,
          0.74853534,
          1
        ]
      },
      {
        "date" : 776225784.001914,
        "title" : "Untitled",
        "transform" : [
          0.17935069,
          -1.7026823e-08,
          -0.98378515,
          0,
          -0.39699766,
          0.9149615,
          -0.07237539,
          0,
          0.90012556,
          0.403541,
          0.16409904,
          0,
          4.42095,
          2.1048915,
          -2.553888,
          1
        ]
      },
      {
        "date" : 776225728.932902,
        "title" : "Untitled",
        "transform" : [
          0.1889165,
          -2.0389088e-08,
          -0.98199314,
          0,
          -0.07886573,
          0.9967698,
          -0.015172264,
          0,
          0.9788211,
          0.080311894,
          0.1883063,
          0,
          4.9377117,
          0.27786168,
          -2.6502588,
          1
        ]
      },
      {
        "date" : 776225652.003159,
        "title" : "Untitled",
        "transform" : [
          0.18891641,
          -2.4721835e-08,
          -0.9819932,
          0,
          -0.07886573,
          0.9967697,
          -0.015172261,
          0,
          0.9788211,
          0.0803119,
          0.18830618,
          0,
          4.41434,
          0.12805942,
          -1.4832461,
          1
        ]
      },
      {
        "date" : 776225294.398247,
        "title" : "Untitled",
        "transform" : [
          -0.0816958,
          -2.4721832e-08,
          -0.99665725,
          0,
          -0.08004344,
          0.9967697,
          0.006561121,
          0,
          0.9934379,
          0.0803119,
          -0.0814319,
          0,
          5.30109,
          0.33430248,
          -6.0420885,
          1
        ]
      },
      {
        "date" : 776225278.657705,
        "title" : "Untitled",
        "transform" : [
          -0.0816958,
          -2.4721832e-08,
          -0.99665725,
          0,
          -0.08004344,
          0.9967697,
          0.006561121,
          0,
          0.9934379,
          0.0803119,
          -0.0814319,
          0,
          5.3010893,
          0.3343025,
          -6.042088,
          1
        ]
      }
    ]
  },
  "sceneViewportBackgroundColors" : {

  },
  "selectedSceneRelativePath" : "Scene.usda"
}