{
  "advancedEditorSelectedIdentifier" : "ProjectBrowser",
  "openSceneRelativePaths" : [
    "Scene.usda",
    "diceCollection.usda"
  ],
  "recentIdentifiers" : {
    "3C97A223-C2F4-460A-A016-4DDED1642AFE" : [

    ],
    "556F4B6E-E2BD-4521-BA44-B6E1A90755DD" : [

    ]
  },
  "sceneCameraHistory" : {
    "3C97A223-C2F4-460A-A016-4DDED1642AFE" : [
      {
        "date" : 777163550.472306,
        "title" : "Untitled",
        "transform" : [
          -0.3980725,
          -8.2014306e-10,
          -0.917354,
          0,
          -0.3130697,
          0.93996364,
          0.13585207,
          0,
          0.8622794,
          0.3412747,
          -0.37417367,
          0,
          19.580269,
          11.68565,
          -14.08153,
          1
        ]
      },
      {
        "date" : 777160284.142383,
        "title" : "Untitled",
        "transform" : [
          -0.3980725,
          -6.743308e-08,
          -0.917354,
          0,
          -0.3130697,
          0.93996364,
          0.135852,
          0,
          0.8622793,
          0.34127465,
          -0.37417367,
          0,
          15.681868,
          9.223696,
          -7.396132,
          1
        ]
      },
      {
        "date" : 777160032.603304,
        "title" : "Untitled",
        "transform" : [
          -0.3980725,
          -6.743308e-08,
          -0.917354,
          0,
          -0.3130697,
          0.93996364,
          0.135852,
          0,
          0.8622793,
          0.34127465,
          -0.37417367,
          0,
          16.432993,
          7.5911837,
          -7.1541395,
          1
        ]
      },
      {
        "date" : 776723589.009056,
        "title" : "Untitled",
        "transform" : [
          -0.39807233,
          -8.320507e-08,
          -0.917354,
          0,
          -0.3130697,
          0.9399636,
          0.13585198,
          0,
          0.8622793,
          0.34127465,
          -0.37417367,
          0,
          19.242153,
          10.725898,
          -16.166012,
          1
        ]
      },
      {
        "date" : 776723557.138992,
        "title" : "Untitled",
        "transform" : [
          -0.39807233,
          -8.320507e-08,
          -0.917354,
          0,
          -0.3130697,
          0.9399636,
          0.13585198,
          0,
          0.8622793,
          0.34127465,
          -0.37417367,
          0,
          19.392136,
          15.365264,
          -11.58893,
          1
        ]
      },
      {
        "date" : 776723548.713091,
        "title" : "Untitled",
        "transform" : [
          -0.39807233,
          -8.320507e-08,
          -0.917354,
          0,
          -0.3130697,
          0.9399636,
          0.13585198,
          0,
          0.8622793,
          0.34127465,
          -0.37417367,
          0,
          19.689224,
          12.9175825,
          -13.136759,
          1
        ]
      },
      {
        "date" : 776723541.380382,
        "title" : "Untitled",
        "transform" : [
          -0.39807233,
          -8.320507e-08,
          -0.917354,
          0,
          -0.3130697,
          0.9399636,
          0.13585198,
          0,
          0.8622793,
          0.34127465,
          -0.37417367,
          0,
          23.833014,
          13.929473,
          -13.148263,
          1
        ]
      },
      {
        "date" : 776723510.085479,
        "title" : "Untitled",
        "transform" : [
          -0.46408236,
          -8.442735e-08,
          -0.88579214,
          0,
          -0.25413856,
          0.95795876,
          0.1331477,
          0,
          0.8485523,
          0.28690544,
          -0.4445719,
          0,
          15.37039,
          6.878371,
          -7.577538,
          1
        ]
      },
      {
        "date" : 776723486.636371,
        "title" : "Untitled",
        "transform" : [
          0.7427243,
          -8.765935e-08,
          -0.6695974,
          0,
          -0.24435037,
          0.93103826,
          -0.271036,
          0,
          0.6234209,
          0.36492142,
          0.69150466,
          0,
          10.771021,
          6.2825003,
          6.388191,
          1
        ]
      },
      {
        "date" : 776723474.451337,
        "title" : "Untitled",
        "transform" : [
          -0.42534763,
          -9.017533e-08,
          -0.9050301,
          0,
          -0.4191971,
          0.88626117,
          0.19701493,
          0,
          0.80209297,
          0.46318582,
          -0.3769692,
          0,
          10.184736,
          7.5245028,
          -7.6900153,
          1
        ]
      }
    ],
    "556F4B6E-E2BD-4521-BA44-B6E1A90755DD" : [
      {
        "date" : 777882526.319269,
        "title" : "Untitled",
        "transform" : [
          0.24716248,
          -6.6037774e-07,
          -0.96897405,
          0,
          -0.4946615,
          0.8598774,
          -0.12617704,
          0,
          0.833199,
          0.51050043,
          0.21252917,
          0,
          0.093684964,
          0.08498882,
          0.019936424,
          1
        ]
      },
      {
        "date" : 777882516.730297,
        "title" : "Untitled",
        "transform" : [
          0.8395885,
          -6.60839e-07,
          -0.5432226,
          0,
          -0.18278584,
          0.9416887,
          -0.2825094,
          0,
          0.5115468,
          0.33648515,
          0.7906311,
          0,
          0.06308673,
          0.06509985,
          0.090440616,
          1
        ]
      },
      {
        "date" : 777882505.350853,
        "title" : "Untitled",
        "transform" : [
          0.120343976,
          -6.437705e-07,
          -0.9927322,
          0,
          -0.9544514,
          0.27501857,
          -0.115703486,
          0,
          0.27301988,
          0.9614389,
          0.033096302,
          0,
          0.017650466,
          0.122971945,
          0.005699247,
          1
        ]
      },
      {
        "date" : 777882492.577494,
        "title" : "Untitled",
        "transform" : [
          0.8048943,
          -6.4167676e-07,
          -0.5934185,
          0,
          -0.06648214,
          0.9937045,
          -0.09017526,
          0,
          0.5896825,
          0.112033315,
          0.799827,
          0,
          0.058825325,
          0.023759184,
          0.11280878,
          1
        ]
      },
      {
        "date" : 777882486.922785,
        "title" : "Untitled",
        "transform" : [
          0.5843169,
          -6.2425414e-07,
          -0.81152546,
          0,
          -0.618889,
          0.64684147,
          -0.44561458,
          0,
          0.5249286,
          0.76262444,
          0.37796012,
          0,
          0.049623977,
          0.10345574,
          0.059875764,
          1
        ]
      },
      {
        "date" : 777882456.99248,
        "title" : "Untitled",
        "transform" : [
          0.9714994,
          -6.212748e-07,
          0.23704182,
          0,
          0.22089967,
          0.36271253,
          -0.9053413,
          0,
          -0.08597752,
          0.9319011,
          0.35237512,
          0,
          -0.027900646,
          0.12234497,
          0.031685945,
          1
        ]
      },
      {
        "date" : 777882452.657494,
        "title" : "Untitled",
        "transform" : [
          0.7869647,
          -6.157349e-07,
          -0.6169981,
          0,
          -0.33416933,
          0.84063256,
          -0.4262249,
          0,
          0.5186689,
          0.54160583,
          0.66154796,
          0,
          0.06906383,
          0.08801874,
          0.06752043,
          1
        ]
      },
      {
        "date" : 777882450.856447,
        "title" : "Untitled",
        "transform" : [
          0.7869647,
          -6.157349e-07,
          -0.6169981,
          0,
          -0.33416933,
          0.84063256,
          -0.4262249,
          0,
          0.5186689,
          0.54160583,
          0.66154796,
          0,
          0.044371534,
          0.10462954,
          0.07328059,
          1
        ]
      },
      {
        "date" : 777882123.841512,
        "title" : "Untitled",
        "transform" : [
          0.950848,
          -6.059051e-07,
          0.30965832,
          0,
          -0.04276311,
          0.99041843,
          0.13131194,
          0,
          -0.3066914,
          -0.13809961,
          0.94173723,
          0,
          -0.012898013,
          0.013279824,
          0.120619096,
          1
        ]
      },
      {
        "date" : 777882116.069273,
        "title" : "Untitled",
        "transform" : [
          0.6873388,
          -6.144364e-07,
          0.7263371,
          0,
          0.6113448,
          0.53997403,
          -0.57852024,
          0,
          -0.39220276,
          0.8416817,
          0.37114543,
          0,
          -0.016595779,
          0.11765109,
          0.05127999,
          1
        ]
      }
    ]
  },
  "sceneViewportBackgroundColors" : {

  },
  "selectedSceneRelativePath" : "diceCollection.usda"
}