{
  "advancedEditorSelectedIdentifier" : "ProjectBrowser",
  "openSceneRelativePaths" : [
    "Scene.usda",
    "Untitled Scene.usda"
  ],
  "recentIdentifiers" : {
    "3C97A223-C2F4-460A-A016-4DDED1642AFE" : [

    ],
    "556F4B6E-E2BD-4521-BA44-B6E1A90755DD" : [

    ],
    "B1F7D6D4-9384-4A14-A878-702B3FE490BA" : [

    ]
  },
  "sceneCameraHistory" : {
    "3C97A223-C2F4-460A-A016-4DDED1642AFE" : [
      {
        "date" : 778200228.331116,
        "title" : "Untitled",
        "transform" : [
          -0.92602813,
          -4.2941846e-08,
          0.37745434,
          0,
          0.17928417,
          0.8799953,
          0.4398471,
          0,
          -0.33215806,
          0.4749824,
          -0.8149005,
          0,
          -35.303642,
          19.77973,
          -83.952385,
          1
        ]
      },
      {
        "date" : 778200207.491539,
        "title" : "Untitled",
        "transform" : [
          -0.9284168,
          -4.2941846e-08,
          0.37154034,
          0,
          0.17647512,
          0.8799953,
          0.44098166,
          0,
          -0.32695377,
          0.4749824,
          -0.8170025,
          0,
          -27.717468,
          9.551238,
          -66.2374,
          1
        ]
      },
      {
        "date" : 778200195.288666,
        "title" : "Untitled",
        "transform" : [
          -0.9991779,
          -4.043169e-08,
          -0.04053995,
          0,
          -0.01579868,
          0.9209392,
          0.38938603,
          0,
          0.037334826,
          0.3897064,
          -0.92018205,
          0,
          -26.51075,
          10.847188,
          -70.039116,
          1
        ]
      },
      {
        "date" : 778200192.258106,
        "title" : "Untitled",
        "transform" : [
          -0.9991779,
          -4.043169e-08,
          -0.04053995,
          0,
          -0.01579868,
          0.9209392,
          0.38938603,
          0,
          0.037334826,
          0.3897064,
          -0.92018205,
          0,
          -26.526709,
          11.832932,
          -69.62229,
          1
        ]
      },
      {
        "date" : 778200177.953603,
        "title" : "Untitled",
        "transform" : [
          -0.98315024,
          -4.0611894e-08,
          -0.18279949,
          0,
          -0.08258373,
          0.8921334,
          0.44415995,
          0,
          0.1630815,
          0.4517722,
          -0.877101,
          0,
          -20.723186,
          18.277157,
          -81.914185,
          1
        ]
      },
      {
        "date" : 778200163.360549,
        "title" : "Untitled",
        "transform" : [
          -0.8797124,
          -4.3433456e-08,
          -0.47550604,
          0,
          -0.19144554,
          0.9153698,
          0.3541848,
          0,
          0.43526384,
          0.4026143,
          -0.8052621,
          0,
          -13.555315,
          15.035997,
          -73.30238,
          1
        ]
      },
      {
        "date" : 778199296.819236,
        "title" : "Untitled",
        "transform" : [
          -0.73373276,
          -4.3392003e-08,
          -0.6794383,
          0,
          -0.27967155,
          0.91135484,
          0.30202037,
          0,
          0.61920923,
          0.41162175,
          -0.6686908,
          0,
          27.271524,
          30.503695,
          -95.631516,
          1
        ]
      },
      {
        "date" : 778199287.033064,
        "title" : "Untitled",
        "transform" : [
          -0.8693858,
          -4.331637e-08,
          -0.49413407,
          0,
          -0.20016268,
          0.9142822,
          0.35216874,
          0,
          0.451778,
          0.40507776,
          -0.79486406,
          0,
          27.727688,
          30.429419,
          -88.2641,
          1
        ]
      },
      {
        "date" : 778199280.626019,
        "title" : "Untitled",
        "transform" : [
          -0.78481716,
          -5.022846e-08,
          -0.61972743,
          0,
          -0.21088803,
          0.9403201,
          0.2670666,
          0,
          0.5827421,
          0.34029156,
          -0.7379793,
          0,
          21.45776,
          15.05573,
          -80.818985,
          1
        ]
      },
      {
        "date" : 778199056.121034,
        "title" : "Untitled",
        "transform" : [
          -0.73195857,
          -4.7684274e-08,
          -0.6813492,
          0,
          -0.4023132,
          0.8070629,
          0.43219623,
          0,
          0.54989165,
          0.5904655,
          -0.5907366,
          0,
          37.658176,
          49.252655,
          -90.57934,
          1
        ]
      }
    ],
    "556F4B6E-E2BD-4521-BA44-B6E1A90755DD" : [
      {
        "date" : 778028000.662139,
        "title" : "Untitled",
        "transform" : [
          0.9987526,
          -8.0378686e-07,
          -0.049932126,
          0,
          -0.032804023,
          0.753902,
          -0.6561674,
          0,
          0.037644494,
          0.6569867,
          0.7529617,
          0,
          0.005956226,
          0.076285616,
          0.058732435,
          1
        ]
      },
      {
        "date" : 778027998.48377,
        "title" : "Untitled",
        "transform" : [
          0.9963414,
          -8.040482e-07,
          0.08546172,
          0,
          0.051872924,
          0.79472953,
          -0.60474306,
          0,
          -0.06791845,
          0.60696363,
          0.79182214,
          0,
          -0.0014350973,
          0.07279889,
          0.063313454,
          1
        ]
      },
      {
        "date" : 778026277.472744,
        "title" : "Untitled",
        "transform" : [
          0.9988332,
          -8.0424314e-07,
          -0.04829327,
          0,
          -0.022201091,
          0.8880581,
          -0.45919487,
          0,
          0.04288764,
          0.4597311,
          0.887022,
          0,
          0.006647931,
          0.06194815,
          0.074793346,
          1
        ]
      },
      {
        "date" : 778026274.753641,
        "title" : "Untitled",
        "transform" : [
          -0.05561909,
          -8.040598e-07,
          -0.998452,
          0,
          -0.54971707,
          0.83478945,
          0.030621339,
          0,
          0.8334972,
          0.5505691,
          -0.046430655,
          0,
          0.06782291,
          0.06949444,
          -0.0068109506,
          1
        ]
      },
      {
        "date" : 778026266.936046,
        "title" : "Untitled",
        "transform" : [
          0.9999885,
          -8.049528e-07,
          0.004794545,
          0,
          -0.00012368897,
          0.99966204,
          0.02599758,
          0,
          -0.0047929706,
          -0.025997994,
          0.9996505,
          0,
          0.0025696796,
          0.018041711,
          0.09562273,
          1
        ]
      },
      {
        "date" : 778026257.781334,
        "title" : "Untitled",
        "transform" : [
          0.9991143,
          -8.053576e-07,
          0.04208026,
          0,
          -0.0046896804,
          0.9937679,
          0.111370094,
          0,
          -0.041818164,
          -0.1114689,
          0.9928876,
          0,
          -0.0010480592,
          0.009791794,
          0.09684438,
          1
        ]
      },
      {
        "date" : 778026254.953859,
        "title" : "Untitled",
        "transform" : [
          0.9940061,
          -8.05298e-07,
          0.10932448,
          0,
          -0.0027420565,
          0.9996852,
          0.024940265,
          0,
          -0.10929014,
          -0.025090668,
          0.9936932,
          0,
          -0.00744068,
          0.01812848,
          0.095350966,
          1
        ]
      },
      {
        "date" : 778026233.942562,
        "title" : "Untitled",
        "transform" : [
          0.9994559,
          -8.060055e-07,
          0.032982707,
          0,
          -0.0037522386,
          0.9935045,
          0.11373089,
          0,
          -0.032768615,
          -0.11379289,
          0.99296397,
          0,
          -0.00016710348,
          0.009565361,
          0.09687254,
          1
        ]
      },
      {
        "date" : 778026165.286482,
        "title" : "Untitled",
        "transform" : [
          0.9994559,
          -8.060055e-07,
          0.032982707,
          0,
          -0.0037522386,
          0.9935045,
          0.11373089,
          0,
          -0.032768615,
          -0.11379289,
          0.99296397,
          0,
          0.0050928127,
          0.01061184,
          0.09716615,
          1
        ]
      },
      {
        "date" : 778026141.061832,
        "title" : "Untitled",
        "transform" : [
          0.9993976,
          -8.0599693e-07,
          -0.03470208,
          0,
          0.004132681,
          0.9928867,
          0.11899102,
          0,
          0.034455087,
          -0.119062856,
          0.9922886,
          0,
          0.011655958,
          0.010097293,
          0.096653976,
          1
        ]
      }
    ],
    "B1F7D6D4-9384-4A14-A878-702B3FE490BA" : [
      {
        "date" : 778206721.063815,
        "title" : "Untitled",
        "transform" : [
          0.66303486,
          1.3405046e-08,
          -0.74858844,
          0,
          -0.14720865,
          0.9804741,
          -0.13038455,
          0,
          0.7339717,
          0.19664834,
          0.6500884,
          0,
          3.4478858,
          2.3679368,
          3.632925,
          1
        ]
      },
      {
        "date" : 778206615.713531,
        "title" : "Untitled",
        "transform" : [
          0.8151846,
          1.372382e-08,
          -0.5792012,
          0,
          -0.34144792,
          0.8077575,
          -0.48056358,
          0,
          0.46785417,
          0.58951515,
          0.6584713,
          0,
          1.6956937,
          4.241406,
          3.135009,
          1
        ]
      },
      {
        "date" : 778206590.689135,
        "title" : "Untitled",
        "transform" : [
          0.7138871,
          1.3202637e-08,
          -0.7002609,
          0,
          -0.34510654,
          0.87012815,
          -0.3518218,
          0,
          0.6093167,
          0.49282566,
          0.62117314,
          0,
          2.4926615,
          3.8069472,
          3.1602175,
          1
        ]
      },
      {
        "date" : 778206516.162035,
        "title" : "Untitled",
        "transform" : [
          0.9822497,
          9.4771195e-09,
          -0.18757834,
          0,
          -0.15129296,
          0.5911542,
          -0.7922419,
          0,
          0.11088781,
          0.8065586,
          0.58066094,
          0,
          -0.44463438,
          3.4161892,
          2.177831,
          1
        ]
      },
      {
        "date" : 778206513.065938,
        "title" : "Untitled",
        "transform" : [
          0.9822497,
          9.4771195e-09,
          -0.18757834,
          0,
          -0.15129296,
          0.5911542,
          -0.7922419,
          0,
          0.11088781,
          0.8065586,
          0.58066094,
          0,
          -0.20608222,
          3.5974941,
          1.8804365,
          1
        ]
      },
      {
        "date" : 778206510.048462,
        "title" : "Untitled",
        "transform" : [
          0.8496428,
          -1.1471355e-08,
          -0.52735865,
          0,
          -0.24213773,
          0.8883578,
          -0.39011505,
          0,
          0.4684833,
          0.45915186,
          0.75478673,
          0,
          1.2267227,
          2.4166284,
          3.029114,
          1
        ]
      },
      {
        "date" : 778206489.478917,
        "title" : "Untitled",
        "transform" : [
          0.74347794,
          -1.7870214e-08,
          -0.6687605,
          0,
          -0.1952514,
          0.9564305,
          -0.2170659,
          0,
          0.63962305,
          0.29196012,
          0.7110849,
          0,
          1.9965181,
          1.7982501,
          3.0497026,
          1
        ]
      },
      {
        "date" : 778206480.212691,
        "title" : "Untitled",
        "transform" : [
          0.44192252,
          -7.3764355e-09,
          -0.89705324,
          0,
          -0.434728,
          0.874726,
          -0.21416348,
          0,
          0.78467584,
          0.4846178,
          0.386561,
          0,
          2.6125922,
          2.5350194,
          1.8550961,
          1
        ]
      },
      {
        "date" : 778206382.218983,
        "title" : "Untitled",
        "transform" : [
          0.55742717,
          -6.2503025e-09,
          -0.8302259,
          0,
          -0.27319035,
          0.9443106,
          -0.18342441,
          0,
          0.7839911,
          0.32905543,
          0.5263843,
          0,
          2.645215,
          1.9423912,
          2.408149,
          1
        ]
      },
      {
        "date" : 778205798.003905,
        "title" : "Untitled",
        "transform" : [
          0.55742717,
          -6.2503025e-09,
          -0.8302259,
          0,
          -0.27319035,
          0.9443106,
          -0.18342441,
          0,
          0.7839911,
          0.32905543,
          0.5263843,
          0,
          2.34447,
          1.721553,
          2.134357,
          1
        ]
      }
    ]
  },
  "sceneViewportBackgroundColors" : {

  },
  "selectedSceneRelativePath" : "TrayAndCover.usda"
}