{
  "advancedEditorSelectedIdentifier" : "ProjectBrowser",
  "openSceneRelativePaths" : [
    "Scene.usda",
    "diceCollection.usda"
  ],
  "recentIdentifiers" : {
    "3C97A223-C2F4-460A-A016-4DDED1642AFE" : [

    ],
    "556F4B6E-E2BD-4521-BA44-B6E1A90755DD" : [

    ]
  },
  "sceneCameraHistory" : {
    "3C97A223-C2F4-460A-A016-4DDED1642AFE" : [
      {
        "date" : 777163550.472306,
        "title" : "Untitled",
        "transform" : [
          -0.3980725,
          -8.2014306e-10,
          -0.917354,
          0,
          -0.3130697,
          0.93996364,
          0.13585207,
          0,
          0.8622794,
          0.3412747,
          -0.37417367,
          0,
          19.580269,
          11.68565,
          -14.08153,
          1
        ]
      },
      {
        "date" : 777160284.142383,
        "title" : "Untitled",
        "transform" : [
          -0.3980725,
          -6.743308e-08,
          -0.917354,
          0,
          -0.3130697,
          0.93996364,
          0.135852,
          0,
          0.8622793,
          0.34127465,
          -0.37417367,
          0,
          15.681868,
          9.223696,
          -7.396132,
          1
        ]
      },
      {
        "date" : 777160032.603304,
        "title" : "Untitled",
        "transform" : [
          -0.3980725,
          -6.743308e-08,
          -0.917354,
          0,
          -0.3130697,
          0.93996364,
          0.135852,
          0,
          0.8622793,
          0.34127465,
          -0.37417367,
          0,
          16.432993,
          7.5911837,
          -7.1541395,
          1
        ]
      },
      {
        "date" : 776723589.009056,
        "title" : "Untitled",
        "transform" : [
          -0.39807233,
          -8.320507e-08,
          -0.917354,
          0,
          -0.3130697,
          0.9399636,
          0.13585198,
          0,
          0.8622793,
          0.34127465,
          -0.37417367,
          0,
          19.242153,
          10.725898,
          -16.166012,
          1
        ]
      },
      {
        "date" : 776723557.138992,
        "title" : "Untitled",
        "transform" : [
          -0.39807233,
          -8.320507e-08,
          -0.917354,
          0,
          -0.3130697,
          0.9399636,
          0.13585198,
          0,
          0.8622793,
          0.34127465,
          -0.37417367,
          0,
          19.392136,
          15.365264,
          -11.58893,
          1
        ]
      },
      {
        "date" : 776723548.713091,
        "title" : "Untitled",
        "transform" : [
          -0.39807233,
          -8.320507e-08,
          -0.917354,
          0,
          -0.3130697,
          0.9399636,
          0.13585198,
          0,
          0.8622793,
          0.34127465,
          -0.37417367,
          0,
          19.689224,
          12.9175825,
          -13.136759,
          1
        ]
      },
      {
        "date" : 776723541.380382,
        "title" : "Untitled",
        "transform" : [
          -0.39807233,
          -8.320507e-08,
          -0.917354,
          0,
          -0.3130697,
          0.9399636,
          0.13585198,
          0,
          0.8622793,
          0.34127465,
          -0.37417367,
          0,
          23.833014,
          13.929473,
          -13.148263,
          1
        ]
      },
      {
        "date" : 776723510.085479,
        "title" : "Untitled",
        "transform" : [
          -0.46408236,
          -8.442735e-08,
          -0.88579214,
          0,
          -0.25413856,
          0.95795876,
          0.1331477,
          0,
          0.8485523,
          0.28690544,
          -0.4445719,
          0,
          15.37039,
          6.878371,
          -7.577538,
          1
        ]
      },
      {
        "date" : 776723486.636371,
        "title" : "Untitled",
        "transform" : [
          0.7427243,
          -8.765935e-08,
          -0.6695974,
          0,
          -0.24435037,
          0.93103826,
          -0.271036,
          0,
          0.6234209,
          0.36492142,
          0.69150466,
          0,
          10.771021,
          6.2825003,
          6.388191,
          1
        ]
      },
      {
        "date" : 776723474.451337,
        "title" : "Untitled",
        "transform" : [
          -0.42534763,
          -9.017533e-08,
          -0.9050301,
          0,
          -0.4191971,
          0.88626117,
          0.19701493,
          0,
          0.80209297,
          0.46318582,
          -0.3769692,
          0,
          10.184736,
          7.5245028,
          -7.6900153,
          1
        ]
      }
    ],
    "556F4B6E-E2BD-4521-BA44-B6E1A90755DD" : [
      {
        "date" : 778026277.472744,
        "title" : "Untitled",
        "transform" : [
          0.9988332,
          -8.0424314e-07,
          -0.04829327,
          0,
          -0.022201091,
          0.8880581,
          -0.45919487,
          0,
          0.04288764,
          0.4597311,
          0.887022,
          0,
          0.006647931,
          0.06194815,
          0.074793346,
          1
        ]
      },
      {
        "date" : 778026274.753641,
        "title" : "Untitled",
        "transform" : [
          -0.05561909,
          -8.040598e-07,
          -0.998452,
          0,
          -0.54971707,
          0.83478945,
          0.030621339,
          0,
          0.8334972,
          0.5505691,
          -0.046430655,
          0,
          0.06782291,
          0.06949444,
          -0.0068109506,
          1
        ]
      },
      {
        "date" : 778026266.936046,
        "title" : "Untitled",
        "transform" : [
          0.9999885,
          -8.049528e-07,
          0.004794545,
          0,
          -0.00012368897,
          0.99966204,
          0.02599758,
          0,
          -0.0047929706,
          -0.025997994,
          0.9996505,
          0,
          0.0025696796,
          0.018041711,
          0.09562273,
          1
        ]
      },
      {
        "date" : 778026257.781334,
        "title" : "Untitled",
        "transform" : [
          0.9991143,
          -8.053576e-07,
          0.04208026,
          0,
          -0.0046896804,
          0.9937679,
          0.111370094,
          0,
          -0.041818164,
          -0.1114689,
          0.9928876,
          0,
          -0.0010480592,
          0.009791794,
          0.09684438,
          1
        ]
      },
      {
        "date" : 778026254.953859,
        "title" : "Untitled",
        "transform" : [
          0.9940061,
          -8.05298e-07,
          0.10932448,
          0,
          -0.0027420565,
          0.9996852,
          0.024940265,
          0,
          -0.10929014,
          -0.025090668,
          0.9936932,
          0,
          -0.00744068,
          0.01812848,
          0.095350966,
          1
        ]
      },
      {
        "date" : 778026233.942562,
        "title" : "Untitled",
        "transform" : [
          0.9994559,
          -8.060055e-07,
          0.032982707,
          0,
          -0.0037522386,
          0.9935045,
          0.11373089,
          0,
          -0.032768615,
          -0.11379289,
          0.99296397,
          0,
          -0.00016710348,
          0.009565361,
          0.09687254,
          1
        ]
      },
      {
        "date" : 778026165.286482,
        "title" : "Untitled",
        "transform" : [
          0.9994559,
          -8.060055e-07,
          0.032982707,
          0,
          -0.0037522386,
          0.9935045,
          0.11373089,
          0,
          -0.032768615,
          -0.11379289,
          0.99296397,
          0,
          0.0050928127,
          0.01061184,
          0.09716615,
          1
        ]
      },
      {
        "date" : 778026141.061832,
        "title" : "Untitled",
        "transform" : [
          0.9993976,
          -8.0599693e-07,
          -0.03470208,
          0,
          0.004132681,
          0.9928867,
          0.11899102,
          0,
          0.034455087,
          -0.119062856,
          0.9922886,
          0,
          0.011655958,
          0.010097293,
          0.096653976,
          1
        ]
      },
      {
        "date" : 778026129.11255,
        "title" : "Untitled",
        "transform" : [
          0.99843013,
          -8.069378e-07,
          -0.0560106,
          0,
          -0.026791925,
          0.87816817,
          -0.4776012,
          0,
          0.049187068,
          0.47835192,
          0.87678957,
          0,
          0.012381878,
          0.06444125,
          0.0726211,
          1
        ]
      },
      {
        "date" : 778026124.162083,
        "title" : "Untitled",
        "transform" : [
          0.9983582,
          -8.0992356e-07,
          -0.057278886,
          0,
          -0.0052666506,
          0.99576235,
          -0.09181331,
          0,
          0.057036187,
          0.09196412,
          0.99412745,
          0,
          0.013592195,
          0.030229703,
          0.09209358,
          1
        ]
      }
    ]
  },
  "sceneViewportBackgroundColors" : {

  },
  "selectedSceneRelativePath" : "diceCollection.usda"
}