{
  "advancedEditorSelectedIdentifier" : "ProjectBrowser",
  "openSceneRelativePaths" : [
    "Scene.usda"
  ],
  "recentIdentifiers" : {
    "3C97A223-C2F4-460A-A016-4DDED1642AFE" : [

    ]
  },
  "sceneCameraHistory" : {
    "3C97A223-C2F4-460A-A016-4DDED1642AFE" : [
      {
        "date" : 776483404.721535,
        "title" : "Untitled",
        "transform" : [
          -0.70753974,
          0.00042738966,
          -0.7066733,
          0,
          -0.14201479,
          0.97951275,
          0.14278138,
          0,
          0.69225657,
          0.2013815,
          -0.69298357,
          0,
          7.9830127,
          5.8074217,
          -10.365421,
          1
        ]
      },
      {
        "date" : 776483403.132956,
        "title" : "Untitled",
        "transform" : [
          -0.70753974,
          0.00042738966,
          -0.7066733,
          0,
          -0.14201479,
          0.97951275,
          0.14278138,
          0,
          0.69225657,
          0.2013815,
          -0.69298357,
          0,
          7.881716,
          5.777954,
          -10.264019,
          1
        ]
      },
      {
        "date" : 776483399.061202,
        "title" : "Untitled",
        "transform" : [
          -0.70753974,
          0.00042738966,
          -0.7066733,
          0,
          -0.14201479,
          0.97951275,
          0.14278138,
          0,
          0.6922565,
          0.20138147,
          -0.6929835,
          0,
          8.127613,
          2.9733708,
          -10.833393,
          1
        ]
      },
      {
        "date" : 776483388.600579,
        "title" : "Untitled",
        "transform" : [
          -0.6707772,
          0.0004273822,
          -0.74165875,
          0,
          -0.2232791,
          0.9534907,
          0.20248945,
          0,
          0.7072513,
          0.3014221,
          -0.63948435,
          0,
          8.386431,
          4.3416815,
          -10.152784,
          1
        ]
      },
      {
        "date" : 776483324.037156,
        "title" : "Untitled",
        "transform" : [
          -0.6478998,
          0.00042738777,
          -0.76172537,
          0,
          -0.12662691,
          0.9860253,
          0.108258165,
          0,
          0.7511268,
          0.16659527,
          -0.63879144,
          0,
          9.052998,
          2.4970443,
          -10.201444,
          1
        ]
      },
      {
        "date" : 776483304.360225,
        "title" : "Untitled",
        "transform" : [
          -0.4382185,
          0.0004273875,
          -0.8988683,
          0,
          -0.2453608,
          0.9619666,
          0.12007635,
          0,
          0.8647328,
          0.2731666,
          -0.42144677,
          0,
          10.987717,
          3.9554534,
          -7.47569,
          1
        ]
      },
      {
        "date" : 776483038.887762,
        "title" : "Untitled",
        "transform" : [
          -0.65954304,
          0.00042738745,
          -0.7516668,
          0,
          -0.19529194,
          0.9655617,
          0.17190617,
          0,
          0.72585404,
          0.2601738,
          -0.63674605,
          0,
          8.669228,
          3.7777894,
          -10.140724,
          1
        ]
      },
      {
        "date" : 776482604.763989,
        "title" : "Untitled",
        "transform" : [
          -0.63524026,
          0.00042738742,
          -0.77231455,
          0,
          -0.20132431,
          0.96533453,
          0.16612653,
          0,
          0.7456128,
          0.26101577,
          -0.6131334,
          0,
          8.985619,
          3.7893035,
          -9.857044,
          1
        ]
      },
      {
        "date" : 776482170.582764,
        "title" : "Untitled",
        "transform" : [
          -0.65138024,
          0.00042738504,
          -0.7587512,
          0,
          -0.22670707,
          0.95420927,
          0.19516326,
          0,
          0.7240909,
          0.29913962,
          -0.6214563,
          0,
          8.653933,
          4.3104887,
          -9.939345,
          1
        ]
      },
      {
        "date" : 776482056.5969,
        "title" : "Untitled",
        "transform" : [
          -0.47801358,
          0.00042738518,
          -0.8783523,
          0,
          -0.26649556,
          0.9527914,
          0.1454948,
          0,
          0.8369487,
          0.30362532,
          -0.45533338,
          0,
          10.525841,
          4.371789,
          -7.896553,
          1
        ]
      }
    ]
  },
  "sceneViewportBackgroundColors" : {

  }
}