{
  "advancedEditorSelectedIdentifier" : "ProjectBrowser",
  "openSceneRelativePaths" : [
    "Scene.usda",
    "diceCollection.usda"
  ],
  "recentIdentifiers" : {
    "3C97A223-C2F4-460A-A016-4DDED1642AFE" : [

    ],
    "556F4B6E-E2BD-4521-BA44-B6E1A90755DD" : [

    ]
  },
  "sceneCameraHistory" : {
    "3C97A223-C2F4-460A-A016-4DDED1642AFE" : [
      {
        "date" : 777856041.086567,
        "title" : "Untitled",
        "transform" : [
          -0.9905761,
          0.00042739228,
          -0.13696262,
          0,
          0.005117358,
          0.99941236,
          -0.033892043,
          0,
          0.13686761,
          -0.0342736,
          -0.9899963,
          0,
          0.3764941,
          3.8818145,
          -21.029203,
          1
        ]
      },
      {
        "date" : 777856020.034739,
        "title" : "Untitled",
        "transform" : [
          -0.98506844,
          0.00042739228,
          -0.17216322,
          0,
          0.0027300501,
          0.99990994,
          -0.013138019,
          0,
          0.17214206,
          -0.013411923,
          -0.9849809,
          0,
          1.0692663,
          4.1551523,
          -20.135256,
          1
        ]
      },
      {
        "date" : 776483404.721535,
        "title" : "Untitled",
        "transform" : [
          -0.70753974,
          0.00042738966,
          -0.7066733,
          0,
          -0.14201479,
          0.97951275,
          0.14278138,
          0,
          0.69225657,
          0.2013815,
          -0.69298357,
          0,
          7.9830127,
          5.8074217,
          -10.365421,
          1
        ]
      },
      {
        "date" : 776483403.132956,
        "title" : "Untitled",
        "transform" : [
          -0.70753974,
          0.00042738966,
          -0.7066733,
          0,
          -0.14201479,
          0.97951275,
          0.14278138,
          0,
          0.69225657,
          0.2013815,
          -0.69298357,
          0,
          7.881716,
          5.777954,
          -10.264019,
          1
        ]
      },
      {
        "date" : 776483399.061202,
        "title" : "Untitled",
        "transform" : [
          -0.70753974,
          0.00042738966,
          -0.7066733,
          0,
          -0.14201479,
          0.97951275,
          0.14278138,
          0,
          0.6922565,
          0.20138147,
          -0.6929835,
          0,
          8.127613,
          2.9733708,
          -10.833393,
          1
        ]
      },
      {
        "date" : 776483388.600579,
        "title" : "Untitled",
        "transform" : [
          -0.6707772,
          0.0004273822,
          -0.74165875,
          0,
          -0.2232791,
          0.9534907,
          0.20248945,
          0,
          0.7072513,
          0.3014221,
          -0.63948435,
          0,
          8.386431,
          4.3416815,
          -10.152784,
          1
        ]
      },
      {
        "date" : 776483324.037156,
        "title" : "Untitled",
        "transform" : [
          -0.6478998,
          0.00042738777,
          -0.76172537,
          0,
          -0.12662691,
          0.9860253,
          0.108258165,
          0,
          0.7511268,
          0.16659527,
          -0.63879144,
          0,
          9.052998,
          2.4970443,
          -10.201444,
          1
        ]
      },
      {
        "date" : 776483304.360225,
        "title" : "Untitled",
        "transform" : [
          -0.4382185,
          0.0004273875,
          -0.8988683,
          0,
          -0.2453608,
          0.9619666,
          0.12007635,
          0,
          0.8647328,
          0.2731666,
          -0.42144677,
          0,
          10.987717,
          3.9554534,
          -7.47569,
          1
        ]
      },
      {
        "date" : 776483038.887762,
        "title" : "Untitled",
        "transform" : [
          -0.65954304,
          0.00042738745,
          -0.7516668,
          0,
          -0.19529194,
          0.9655617,
          0.17190617,
          0,
          0.72585404,
          0.2601738,
          -0.63674605,
          0,
          8.669228,
          3.7777894,
          -10.140724,
          1
        ]
      },
      {
        "date" : 776482604.763989,
        "title" : "Untitled",
        "transform" : [
          -0.63524026,
          0.00042738742,
          -0.77231455,
          0,
          -0.20132431,
          0.96533453,
          0.16612653,
          0,
          0.7456128,
          0.26101577,
          -0.6131334,
          0,
          8.985619,
          3.7893035,
          -9.857044,
          1
        ]
      }
    ],
    "556F4B6E-E2BD-4521-BA44-B6E1A90755DD" : [
      {
        "date" : 777860905.585629,
        "title" : "Untitled",
        "transform" : [
          0.99996245,
          -8.3093976e-11,
          0.008663971,
          0,
          0.00449427,
          0.85493755,
          -0.51871145,
          0,
          -0.0074071535,
          0.5187308,
          0.8549054,
          0,
          -0.0023321682,
          0.046883103,
          0.06357329,
          1
        ]
      },
      {
        "date" : 777860809.575234,
        "title" : "Untitled",
        "transform" : [
          0.9999192,
          1.4824342e-10,
          0.012709798,
          0,
          0.010824631,
          0.5240687,
          -0.8516072,
          0,
          -0.0066608074,
          0.8516759,
          0.5240264,
          0,
          -0.002537389,
          0.0805398,
          0.040044043,
          1
        ]
      },
      {
        "date" : 777860570.37293,
        "title" : "Untitled",
        "transform" : [
          0.9999924,
          -2.3231071e-10,
          -0.0038977668,
          0,
          -0.003895392,
          0.034899507,
          -0.9993833,
          0,
          0.00013603167,
          0.9993908,
          0.034899313,
          0,
          -0.0023246778,
          0.10198177,
          -0.0056081167,
          1
        ]
      },
      {
        "date" : 777860563.99389,
        "title" : "Untitled",
        "transform" : [
          0.99994797,
          -2.3231073e-10,
          0.010210303,
          0,
          0.010204084,
          0.034899447,
          -0.9993388,
          0,
          -0.0003563334,
          0.9993908,
          0.0348977,
          0,
          -0.0022453282,
          0.10198177,
          -0.005640361,
          1
        ]
      },
      {
        "date" : 777859788.884554,
        "title" : "Untitled",
        "transform" : [
          0.9999014,
          1.1347264e-10,
          -0.014044245,
          0,
          -0.0078871725,
          0.82741255,
          -0.5615393,
          0,
          0.011620386,
          0.56159455,
          0.82733095,
          0,
          -0.0008739163,
          0.047413487,
          0.057907168,
          1
        ]
      },
      {
        "date" : 777859783.952016,
        "title" : "Untitled",
        "transform" : [
          0.99984246,
          6.4017736e-11,
          -0.017750898,
          0,
          -0.00901994,
          0.86127454,
          -0.50805986,
          0,
          0.015288399,
          0.50813985,
          0.8611388,
          0,
          0.00043454554,
          0.04409404,
          0.05973592,
          1
        ]
      },
      {
        "date" : 777859710.762665,
        "title" : "Untitled",
        "transform" : [
          0.9999838,
          7.1322115e-12,
          -0.0056983493,
          0,
          -0.0043762284,
          0.6404717,
          -0.76796937,
          0,
          0.0036496315,
          0.76798177,
          0.6404613,
          0,
          -0.00040526615,
          0.06406083,
          0.043104265,
          1
        ]
      },
      {
        "date" : 777859706.57238,
        "title" : "Untitled",
        "transform" : [
          1,
          0,
          -0,
          0,
          -0,
          0.7071069,
          -0.7071067,
          0,
          0,
          0.7071067,
          0.7071069,
          0,
          -0.0006508827,
          0.059913754,
          0.048701644,
          1
        ]
      }
    ],
    "C023CE4D-94E3-42A0-BB23-8D2C70A18352" : [
      {
        "date" : 777856906.058015,
        "title" : "Untitled",
        "transform" : [
          0.9999935,
          0.00013592189,
          -0.003613048,
          0,
          -0.002837994,
          0.64865476,
          -0.76107746,
          0,
          0.0022401733,
          0.76108277,
          0.64865094,
          0,
          0.027370803,
          0.8628275,
          0.6410104,
          1
        ]
      },
      {
        "date" : 777856874.228692,
        "title" : "Untitled",
        "transform" : [
          0.99984217,
          -0.004177741,
          0.017257938,
          0,
          0.017425278,
          0.044035822,
          -0.99887794,
          0,
          0.0034131196,
          0.9990212,
          0.04410182,
          0,
          0.022748172,
          0.97839934,
          -0.13137744,
          1
        ]
      },
      {
        "date" : 777856756.986728,
        "title" : "Untitled",
        "transform" : [
          0.9997996,
          -0.004177742,
          -0.01957786,
          0,
          0.0019723594,
          0.99378043,
          -0.111339,
          0,
          0.019921275,
          0.11127792,
          0.9935895,
          0,
          0.040207103,
          0.030427182,
          0.73667765,
          1
        ]
      },
      {
        "date" : 777856752.486296,
        "title" : "Untitled",
        "transform" : [
          0.9998418,
          -0.0041777426,
          -0.017290445,
          0,
          0.00043369865,
          0.9774651,
          -0.21109648,
          0,
          0.017782748,
          0.21105543,
          0.97731227,
          0,
          0.04775749,
          0.0037857038,
          0.5906554,
          1
        ]
      },
      {
        "date" : 777856354.355138,
        "title" : "Untitled",
        "transform" : [
          0.97754765,
          -0.0041777426,
          -0.21067278,
          0,
          -0.21040663,
          0.034649022,
          -0.97699976,
          0,
          0.011381303,
          0.99939084,
          0.03299208,
          0,
          0.10308465,
          0.782267,
          0.073125035,
          1
        ]
      },
      {
        "date" : 777856350.782761,
        "title" : "Untitled",
        "transform" : [
          0.9927863,
          -0.0041777426,
          -0.119824916,
          0,
          -0.11946246,
          0.050614502,
          -0.99154776,
          0,
          0.01020735,
          0.9987095,
          0.04975033,
          0,
          0.075089276,
          0.77742356,
          0.07511824,
          1
        ]
      },
      {
        "date" : 777856344.772775,
        "title" : "Untitled",
        "transform" : [
          0.9998627,
          -0.0041777515,
          0.01603882,
          0,
          0.014042209,
          0.7275845,
          -0.6858744,
          0,
          -0.0088041825,
          0.68600535,
          0.72754323,
          0,
          0.046099156,
          0.4677982,
          0.55105877,
          1
        ]
      },
      {
        "date" : 777856336.338432,
        "title" : "Untitled",
        "transform" : [
          0.9974921,
          -0.004177752,
          0.0706549,
          0,
          0.06875679,
          0.29407275,
          -0.95330673,
          0,
          -0.016795002,
          0.9557739,
          0.2936225,
          0,
          0.035036817,
          0.7204752,
          0.22705905,
          1
        ]
      },
      {
        "date" : 777856328.505416,
        "title" : "Untitled",
        "transform" : [
          0.997489,
          1.5922552e-09,
          -0.07082088,
          0,
          -0.054613795,
          0.6366489,
          -0.7692175,
          0,
          0.045088038,
          0.7711538,
          0.6350503,
          0,
          -0.0038029477,
          2.8647978,
          0.056097537,
          1
        ]
      },
      {
        "date" : 777856307.762138,
        "title" : "Untitled",
        "transform" : [
          1,
          0,
          0,
          0,
          0,
          1,
          0,
          0,
          0,
          0,
          1,
          0,
          -0.17327538,
          2.7939677e-08,
          0.39068502,
          1
        ]
      }
    ]
  },
  "sceneViewportBackgroundColors" : {

  },
  "selectedSceneRelativePath" : "diceCollection.usda"
}