{
  "advancedEditorSelectedIdentifier" : "ProjectBrowser",
  "openSceneRelativePaths" : [
    "Scene.usda"
  ],
  "recentIdentifiers" : {
    "3C97A223-C2F4-460A-A016-4DDED1642AFE" : [

    ]
  },
  "sceneCameraHistory" : {
    "3C97A223-C2F4-460A-A016-4DDED1642AFE" : [
      {
        "date" : 776471431.994388,
        "title" : "Untitled",
        "transform" : [
          -0.26972458,
          0.00042737808,
          -0.9629374,
          0,
          -0.330113,
          0.93936044,
          0.09288356,
          0,
          0.9045851,
          0.34293106,
          -0.25322753,
          0,
          16.046837,
          11.597346,
          -4.6466274,
          1
        ]
      },
      {
        "date" : 776471388.782184,
        "title" : "Untitled",
        "transform" : [
          -0.069556996,
          0.0004273777,
          -0.9975779,
          0,
          -0.40768376,
          0.91266835,
          0.02881711,
          0,
          0.9104702,
          0.40870067,
          -0.063308224,
          0,
          20.259666,
          14.758513,
          -1.5578094,
          1
        ]
      },
      {
        "date" : 776471377.541843,
        "title" : "Untitled",
        "transform" : [
          -0.22824216,
          0.0004273244,
          -0.97360426,
          0,
          -0.6652005,
          0.73013014,
          0.1562635,
          0,
          0.7109247,
          0.6833079,
          -0.16636223,
          0,
          98.34055,
          65.67801,
          -122.07881,
          1
        ]
      },
      {
        "date" : 776471316.312158,
        "title" : "Untitled",
        "transform" : [
          -0.06778084,
          0.00042733116,
          -0.9977001,
          0,
          -0.89210296,
          0.44772285,
          0.06079867,
          0,
          0.44671917,
          0.8941722,
          -0.029965818,
          0,
          86.41185,
          104.484764,
          -102.48718,
          1
        ]
      },
      {
        "date" : 776471314.603813,
        "title" : "Untitled",
        "transform" : [
          -0.11482282,
          0.0004273286,
          -0.99338585,
          0,
          -0.6158954,
          0.78457415,
          0.071527235,
          0,
          0.77941555,
          0.6200347,
          -0.08982384,
          0,
          116.73017,
          55.14044,
          -110.54998,
          1
        ]
      },
      {
        "date" : 776471311.995623,
        "title" : "Untitled",
        "transform" : [
          -0.23380998,
          0.00042732566,
          -0.9722822,
          0,
          -0.9716865,
          0.03489946,
          0.2336821,
          0,
          0.03403205,
          0.9993908,
          -0.007744631,
          0,
          17.553905,
          133.78403,
          -103.35083,
          1
        ]
      },
      {
        "date" : 776471308.587838,
        "title" : "Untitled",
        "transform" : [
          -0.26829565,
          0.00042732543,
          -0.9633365,
          0,
          -0.7642679,
          0.6086648,
          0.21312371,
          0,
          0.58644015,
          0.79342735,
          -0.16297553,
          0,
          81.27977,
          84.993416,
          -122.70868,
          1
        ]
      },
      {
        "date" : 776471295.969765,
        "title" : "Untitled",
        "transform" : [
          -0.12629892,
          -7.8319424e-08,
          -0.99199224,
          0,
          -0.3233664,
          0.9453778,
          0.041170456,
          0,
          0.9378074,
          0.32597676,
          -0.11940026,
          0,
          58.54412,
          3.9445665,
          -112.754234,
          1
        ]
      },
      {
        "date" : 776471292.537442,
        "title" : "Untitled",
        "transform" : [
          -0.12629892,
          -7.8319424e-08,
          -0.99199224,
          0,
          -0.3233664,
          0.9453778,
          0.041170456,
          0,
          0.9378074,
          0.32597676,
          -0.11940026,
          0,
          47.60765,
          0.14311568,
          -111.36166,
          1
        ]
      },
      {
        "date" : 776471290.394366,
        "title" : "Untitled",
        "transform" : [
          -0.029792476,
          -7.378203e-08,
          -0.9995561,
          0,
          -0.95619,
          0.29135627,
          0.028499907,
          0,
          0.29122692,
          0.9566146,
          -0.008680336,
          0,
          47.323788,
          0.41996765,
          -111.31305,
          1
        ]
      }
    ]
  },
  "sceneViewportBackgroundColors" : {

  }
}